  0.50000E+01  0.11485E+01  0.39421E-02  0.10435E-01  0.35142E+00  0.60213E+02  0.96874E+01
  0.50100E+01  0.11498E+01  0.40197E-02  0.10856E-01  0.34266E+00  0.60806E+02  0.91618E+01
  0.50200E+01  0.11510E+01  0.41009E-02  0.11301E-01  0.33421E+00  0.61209E+02  0.86463E+01
  0.50300E+01  0.11519E+01  0.41848E-02  0.11766E-01  0.32605E+00  0.61426E+02  0.81467E+01
  0.50400E+01  0.11528E+01  0.42705E-02  0.12246E-01  0.31818E+00  0.61466E+02  0.76669E+01
  0.50500E+01  0.11535E+01  0.43569E-02  0.12734E-01  0.31058E+00  0.61358E+02  0.72092E+01
  0.50600E+01  0.11541E+01  0.44425E-02  0.13223E-01  0.30323E+00  0.61157E+02  0.67751E+01
  0.50700E+01  0.11546E+01  0.45264E-02  0.13707E-01  0.29614E+00  0.60904E+02  0.63652E+01
  0.50800E+01  0.11550E+01  0.46075E-02  0.14178E-01  0.28928E+00  0.60656E+02  0.59795E+01
  0.50900E+01  0.11554E+01  0.46853E-02  0.14634E-01  0.28265E+00  0.60454E+02  0.56175E+01
  0.51000E+01  0.11557E+01  0.47593E-02  0.15071E-01  0.27624E+00  0.60341E+02  0.52784E+01
  0.51100E+01  0.11560E+01  0.48294E-02  0.15489E-01  0.27003E+00  0.60337E+02  0.49612E+01
  0.51200E+01  0.11562E+01  0.48958E-02  0.15889E-01  0.26403E+00  0.60461E+02  0.46649E+01
  0.51300E+01  0.11564E+01  0.49589E-02  0.16273E-01  0.25822E+00  0.60713E+02  0.43882E+01
  0.51400E+01  0.11566E+01  0.50192E-02  0.16643E-01  0.25259E+00  0.61090E+02  0.41236E+01
  0.51500E+01  0.11567E+01  0.50771E-02  0.17003E-01  0.24714E+00  0.61586E+02  0.38835E+01
  0.51600E+01  0.11569E+01  0.51334E-02  0.17357E-01  0.24186E+00  0.62183E+02  0.36595E+01
  0.51700E+01  0.11570E+01  0.51885E-02  0.17708E-01  0.23675E+00  0.62863E+02  0.34505E+01
  0.51800E+01  0.11571E+01  0.52429E-02  0.18059E-01  0.23179E+00  0.63612E+02  0.32555E+01
  0.51900E+01  0.11571E+01  0.52973E-02  0.18416E-01  0.22698E+00  0.64404E+02  0.30735E+01
  0.52000E+01  0.11572E+01  0.53520E-02  0.18780E-01  0.22232E+00  0.65220E+02  0.29035E+01
  0.52100E+01  0.11573E+01  0.54076E-02  0.19154E-01  0.21780E+00  0.66041E+02  0.27448E+01
  0.52200E+01  0.11573E+01  0.54642E-02  0.19540E-01  0.21342E+00  0.66842E+02  0.25964E+01
  0.52300E+01  0.11574E+01  0.55221E-02  0.19941E-01  0.20917E+00  0.67608E+02  0.24576E+01
  0.52400E+01  0.11574E+01  0.55815E-02  0.20357E-01  0.20505E+00  0.68323E+02  0.23279E+01
  0.52500E+01  0.11575E+01  0.56422E-02  0.20788E-01  0.20105E+00  0.68976E+02  0.22064E+01
  0.52600E+01  0.11575E+01  0.57042E-02  0.21233E-01  0.19716E+00  0.69563E+02  0.20926E+01
  0.52700E+01  0.11575E+01  0.57673E-02  0.21691E-01  0.19340E+00  0.70080E+02  0.19860E+01
  0.52800E+01  0.11575E+01  0.58310E-02  0.22158E-01  0.18974E+00  0.70538E+02  0.18860E+01
  0.52900E+01  0.11576E+01  0.58952E-02  0.22634E-01  0.18619E+00  0.70942E+02  0.17922E+01
  0.53000E+01  0.11576E+01  0.59595E-02  0.23114E-01  0.18274E+00  0.71307E+02  0.17041E+01
  0.53100E+01  0.11576E+01  0.60238E-02  0.23600E-01  0.17939E+00  0.71637E+02  0.16214E+01
  0.53200E+01  0.11576E+01  0.60881E-02  0.24090E-01  0.17614E+00  0.71935E+02  0.15436E+01
  0.53300E+01  0.11576E+01  0.61525E-02  0.24588E-01  0.17299E+00  0.72196E+02  0.14705E+01
  0.53400E+01  0.11576E+01  0.62173E-02  0.25096E-01  0.16993E+00  0.72411E+02  0.14017E+01
  0.53500E+01  0.11577E+01  0.62832E-02  0.25620E-01  0.16695E+00  0.72551E+02  0.13369E+01
  0.53600E+01  0.11577E+01  0.63509E-02  0.26168E-01  0.16407E+00  0.72590E+02  0.12758E+01
  0.53700E+01  0.11577E+01  0.64213E-02  0.26747E-01  0.16127E+00  0.72484E+02  0.12183E+01
  0.53800E+01  0.11577E+01  0.64952E-02  0.27368E-01  0.15856E+00  0.72190E+02  0.11641E+01
  0.53900E+01  0.11577E+01  0.65738E-02  0.28040E-01  0.15592E+00  0.71650E+02  0.11129E+01
  0.54000E+01  0.11577E+01  0.66579E-02  0.28773E-01  0.15337E+00  0.70815E+02  0.10645E+01
  0.54100E+01  0.11577E+01  0.67483E-02  0.29575E-01  0.15089E+00  0.69629E+02  0.10189E+01
  0.54200E+01  0.11577E+01  0.68455E-02  0.30452E-01  0.14849E+00  0.68049E+02  0.97573E+00
  0.54300E+01  0.11577E+01  0.69495E-02  0.31403E-01  0.14617E+00  0.66049E+02  0.93494E+00
  0.54400E+01  0.11577E+01  0.70596E-02  0.32425E-01  0.14392E+00  0.63625E+02  0.89635E+00
  0.54500E+01  0.11577E+01  0.71746E-02  0.33504E-01  0.14174E+00  0.60805E+02  0.85983E+00
  0.54600E+01  0.11577E+01  0.72927E-02  0.34624E-01  0.13964E+00  0.57645E+02  0.82524E+00
  0.54700E+01  0.11577E+01  0.74117E-02  0.35764E-01  0.13761E+00  0.54228E+02  0.79249E+00
  0.54800E+01  0.11577E+01  0.75291E-02  0.36898E-01  0.13564E+00  0.50660E+02  0.76145E+00
  0.54900E+01  0.11577E+01  0.76426E-02  0.38004E-01  0.13375E+00  0.47051E+02  0.73202E+00
  0.55000E+01  0.11577E+01  0.77503E-02  0.39060E-01  0.14177E+00  0.43506E+02  0.70411E+00
  0.55100E+01  0.11577E+01  0.78505E-02  0.40049E-01  0.13900E+00  0.40122E+02  0.67762E+00
  0.55200E+01  0.11577E+01  0.79427E-02  0.40965E-01  0.13632E+00  0.36949E+02  0.65248E+00
  0.55300E+01  0.11577E+01  0.80264E-02  0.41802E-01  0.13373E+00  0.34040E+02  0.62861E+00
  0.55400E+01  0.11577E+01  0.81016E-02  0.42558E-01  0.13122E+00  0.31427E+02  0.60593E+00
  0.55500E+01  0.11577E+01  0.81690E-02  0.43241E-01  0.12879E+00  0.29096E+02  0.58437E+00
  0.55600E+01  0.11577E+01  0.82292E-02  0.43854E-01  0.12644E+00  0.27050E+02  0.56388E+00
  0.55700E+01  0.11578E+01  0.82828E-02  0.44404E-01  0.12415E+00  0.25278E+02  0.54440E+00
  0.55800E+01  0.11578E+01  0.83308E-02  0.44900E-01  0.12193E+00  0.23743E+02  0.52586E+00
  0.55900E+01  0.11578E+01  0.83738E-02  0.45347E-01  0.11977E+00  0.22437E+02  0.50822E+00
  0.56000E+01  0.11578E+01  0.84128E-02  0.45755E-01  0.11768E+00  0.21320E+02  0.49142E+00
  0.56100E+01  0.11578E+01  0.84482E-02  0.46129E-01  0.11564E+00  0.20383E+02  0.47542E+00
  0.56200E+01  0.11578E+01  0.84808E-02  0.46475E-01  0.11365E+00  0.19590E+02  0.46018E+00
  0.56300E+01  0.11578E+01  0.85110E-02  0.46799E-01  0.11172E+00  0.18932E+02  0.44566E+00
  0.56400E+01  0.11578E+01  0.85394E-02  0.47107E-01  0.10983E+00  0.18380E+02  0.43181E+00
  0.56500E+01  0.11578E+01  0.85664E-02  0.47402E-01  0.10799E+00  0.17923E+02  0.41861E+00
  0.56600E+01  0.11578E+01  0.85924E-02  0.47689E-01  0.10620E+00  0.17540E+02  0.40602E+00
  0.56700E+01  0.11578E+01  0.86177E-02  0.47972E-01  0.10444E+00  0.17213E+02  0.39400E+00
  0.56800E+01  0.11578E+01  0.86427E-02  0.48255E-01  0.10273E+00  0.16933E+02  0.38253E+00
  0.56900E+01  0.11578E+01  0.86677E-02  0.48542E-01  0.10105E+00  0.16679E+02  0.37157E+00
  0.57000E+01  0.11578E+01  0.86930E-02  0.48835E-01  0.10262E+00  0.16445E+02  0.36111E+00
  0.57100E+01  0.11578E+01  0.87188E-02  0.49137E-01  0.10090E+00  0.16214E+02  0.35111E+00
  0.57200E+01  0.11578E+01  0.87455E-02  0.49453E-01  0.99232E-01  0.15974E+02  0.34156E+00
  0.57300E+01  0.11578E+01  0.87729E-02  0.49782E-01  0.97605E-01  0.15721E+02  0.33243E+00
  0.57400E+01  0.11578E+01  0.88014E-02  0.50127E-01  0.96019E-01  0.15447E+02  0.32369E+00
  0.57500E+01  0.11578E+01  0.88309E-02  0.50485E-01  0.94473E-01  0.15148E+02  0.31534E+00
  0.57600E+01  0.11578E+01  0.88612E-02  0.50858E-01  0.92966E-01  0.14823E+02  0.30734E+00
  0.57700E+01  0.11578E+01  0.88923E-02  0.51241E-01  0.91495E-01  0.14480E+02  0.29969E+00
  0.57800E+01  0.11578E+01  0.89240E-02  0.51631E-01  0.90060E-01  0.14125E+02  0.29237E+00
  0.57900E+01  0.11578E+01  0.89559E-02  0.52026E-01  0.88659E-01  0.13766E+02  0.28535E+00
  0.58000E+01  0.11578E+01  0.89881E-02  0.52423E-01  0.87291E-01  0.13411E+02  0.27863E+00
  0.58100E+01  0.11578E+01  0.90200E-02  0.52816E-01  0.85956E-01  0.13073E+02  0.27218E+00
  0.58200E+01  0.11578E+01  0.90518E-02  0.53206E-01  0.84650E-01  0.12759E+02  0.26601E+00
  0.58300E+01  0.11578E+01  0.90833E-02  0.53591E-01  0.83374E-01  0.12475E+02  0.26009E+00
  0.58400E+01  0.11578E+01  0.91145E-02  0.53971E-01  0.82126E-01  0.12224E+02  0.25441E+00
  0.58500E+01  0.11578E+01  0.91454E-02  0.54345E-01  0.80906E-01  0.12011E+02  0.24896E+00
  0.58600E+01  0.11578E+01  0.91759E-02  0.54713E-01  0.79711E-01  0.11834E+02  0.24373E+00
  0.58700E+01  0.11578E+01  0.92063E-02  0.55078E-01  0.78543E-01  0.11694E+02  0.23871E+00
  0.58800E+01  0.11578E+01  0.92365E-02  0.55442E-01  0.77398E-01  0.11586E+02  0.23389E+00
  0.58900E+01  0.11578E+01  0.92668E-02  0.55805E-01  0.76278E-01  0.11509E+02  0.22926E+00
  0.59000E+01  0.11578E+01  0.92972E-02  0.56170E-01  0.75192E-01  0.11457E+02  0.22481E+00
  0.59100E+01  0.11578E+01  0.93277E-02  0.56539E-01  0.74117E-01  0.11429E+02  0.22054E+00
  0.59200E+01  0.11578E+01  0.93585E-02  0.56913E-01  0.73063E-01  0.11421E+02  0.21643E+00
  0.59300E+01  0.11578E+01  0.93898E-02  0.57296E-01  0.72030E-01  0.11426E+02  0.21249E+00
  0.59400E+01  0.11578E+01  0.94216E-02  0.57688E-01  0.71018E-01  0.11443E+02  0.20869E+00
  0.59500E+01  0.11578E+01  0.94541E-02  0.58093E-01  0.70026E-01  0.11466E+02  0.20504E+00
  0.59600E+01  0.11578E+01  0.94875E-02  0.58512E-01  0.69052E-01  0.11492E+02  0.20153E+00
  0.59700E+01  0.11578E+01  0.95220E-02  0.58949E-01  0.68097E-01  0.11516E+02  0.19815E+00
  0.59800E+01  0.11578E+01  0.95573E-02  0.59401E-01  0.67160E-01  0.11537E+02  0.19490E+00
  0.59900E+01  0.11578E+01  0.95937E-02  0.59871E-01  0.66241E-01  0.11554E+02  0.19178E+00
  0.60000E+01  0.11578E+01  0.96313E-02  0.60360E-01  0.65339E-01  0.11563E+02  0.18877E+00
  0.60100E+01  0.11578E+01  0.96699E-02  0.60866E-01  0.64453E-01  0.11565E+02  0.18587E+00
  0.60200E+01  0.11578E+01  0.97096E-02  0.61390E-01  0.63583E-01  0.11559E+02  0.18308E+00
  0.60300E+01  0.11578E+01  0.97502E-02  0.61930E-01  0.62729E-01  0.11546E+02  0.18040E+00
  0.60400E+01  0.11578E+01  0.97918E-02  0.62486E-01  0.61890E-01  0.11528E+02  0.17782E+00
  0.60500E+01  0.11578E+01  0.98342E-02  0.63057E-01  0.61065E-01  0.11505E+02  0.17534E+00
  0.60600E+01  0.11578E+01  0.98776E-02  0.63643E-01  0.60254E-01  0.11477E+02  0.17295E+00
  0.60700E+01  0.11578E+01  0.99215E-02  0.64241E-01  0.59457E-01  0.11447E+02  0.17065E+00
  0.60800E+01  0.11578E+01  0.99660E-02  0.64852E-01  0.58674E-01  0.11414E+02  0.16845E+00
  0.60900E+01  0.11578E+01  0.10011E-01  0.65476E-01  0.57904E-01  0.11380E+02  0.16632E+00
  0.61000E+01  0.11578E+01  0.10057E-01  0.66115E-01  0.57146E-01  0.11344E+02  0.16428E+00
  0.61100E+01  0.11578E+01  0.10103E-01  0.66768E-01  0.56401E-01  0.11306E+02  0.16800E+00
  0.61200E+01  0.11578E+01  0.10151E-01  0.67437E-01  0.55668E-01  0.11265E+02  0.16549E+00
  0.61300E+01  0.11578E+01  0.10199E-01  0.68123E-01  0.54947E-01  0.11223E+02  0.16307E+00
  0.61400E+01  0.11578E+01  0.10247E-01  0.68827E-01  0.54237E-01  0.11177E+02  0.16073E+00
  0.61500E+01  0.11578E+01  0.10297E-01  0.69549E-01  0.53539E-01  0.11127E+02  0.15848E+00
  0.61600E+01  0.11578E+01  0.10347E-01  0.70291E-01  0.52851E-01  0.11072E+02  0.15629E+00
  0.61700E+01  0.11578E+01  0.10398E-01  0.71052E-01  0.52175E-01  0.11011E+02  0.15418E+00
  0.61800E+01  0.11578E+01  0.10450E-01  0.71833E-01  0.51508E-01  0.10941E+02  0.15214E+00
  0.61900E+01  0.11578E+01  0.10503E-01  0.72637E-01  0.50852E-01  0.10862E+02  0.15017E+00
  0.62000E+01  0.11578E+01  0.10557E-01  0.73457E-01  0.50206E-01  0.10773E+02  0.14825E+00
  0.62100E+01  0.11578E+01  0.10611E-01  0.74295E-01  0.49569E-01  0.10669E+02  0.14639E+00
  0.62200E+01  0.11578E+01  0.10666E-01  0.75152E-01  0.48942E-01  0.10550E+02  0.14459E+00
  0.62300E+01  0.11578E+01  0.10722E-01  0.76025E-01  0.48325E-01  0.10413E+02  0.14284E+00
  0.62400E+01  0.11578E+01  0.10779E-01  0.76915E-01  0.47717E-01  0.10255E+02  0.14114E+00
  0.62500E+01  0.11578E+01  0.10837E-01  0.77820E-01  0.47118E-01  0.10075E+02  0.13948E+00
  0.62600E+01  0.11578E+01  0.10895E-01  0.78741E-01  0.46526E-01  0.98703E+01  0.13787E+00
  0.62700E+01  0.11578E+01  0.10953E-01  0.79675E-01  0.45944E-01  0.96418E+01  0.13631E+00
  0.62800E+01  0.11578E+01  0.11013E-01  0.80622E-01  0.45371E-01  0.93895E+01  0.13478E+00
  0.62900E+01  0.11578E+01  0.11072E-01  0.81581E-01  0.44806E-01  0.91150E+01  0.13329E+00
  0.63000E+01  0.11578E+01  0.11133E-01  0.82550E-01  0.44249E-01  0.88211E+01  0.99374E-01
  0.63100E+01  0.11578E+01  0.11193E-01  0.83527E-01  0.43700E-01  0.85115E+01  0.98943E-01
  0.63200E+01  0.11578E+01  0.11254E-01  0.84509E-01  0.43158E-01  0.81909E+01  0.98513E-01
  0.63300E+01  0.11578E+01  0.11315E-01  0.85495E-01  0.42624E-01  0.78639E+01  0.98083E-01
  0.63400E+01  0.11578E+01  0.11377E-01  0.86482E-01  0.42099E-01  0.75353E+01  0.97653E-01
  0.63500E+01  0.11578E+01  0.11438E-01  0.87468E-01  0.41581E-01  0.72095E+01  0.97223E-01
  0.63600E+01  0.11578E+01  0.11499E-01  0.88450E-01  0.41068E-01  0.68903E+01  0.96792E-01
  0.63700E+01  0.11578E+01  0.11560E-01  0.89424E-01  0.40565E-01  0.65809E+01  0.96360E-01
  0.63800E+01  0.11578E+01  0.11620E-01  0.90388E-01  0.40068E-01  0.62837E+01  0.95926E-01
  0.63900E+01  0.11578E+01  0.11679E-01  0.91339E-01  0.39577E-01  0.60003E+01  0.95492E-01
  0.64000E+01  0.11578E+01  0.11738E-01  0.92274E-01  0.39094E-01  0.57319E+01  0.95055E-01
  0.64100E+01  0.11578E+01  0.11796E-01  0.93195E-01  0.38617E-01  0.54782E+01  0.94617E-01
  0.64200E+01  0.11578E+01  0.11852E-01  0.94087E-01  0.38148E-01  0.52411E+01  0.94176E-01
  0.64300E+01  0.11578E+01  0.11906E-01  0.94955E-01  0.37684E-01  0.50197E+01  0.93734E-01
  0.64400E+01  0.11578E+01  0.11959E-01  0.95796E-01  0.37226E-01  0.48139E+01  0.93289E-01
  0.64500E+01  0.11578E+01  0.12010E-01  0.96606E-01  0.36775E-01  0.46233E+01  0.92842E-01
  0.64600E+01  0.11578E+01  0.12059E-01  0.97386E-01  0.36331E-01  0.44474E+01  0.92393E-01
  0.64700E+01  0.11578E+01  0.12106E-01  0.98135E-01  0.35893E-01  0.42857E+01  0.91941E-01
  0.64800E+01  0.11578E+01  0.12151E-01  0.98850E-01  0.35460E-01  0.41375E+01  0.91486E-01
  0.64900E+01  0.11578E+01  0.12193E-01  0.99534E-01  0.35032E-01  0.40021E+01  0.91029E-01
  0.65000E+01  0.11578E+01  0.12234E-01  0.10019E+00  0.34612E-01  0.38789E+01  0.90569E-01
  0.65100E+01  0.11578E+01  0.12272E-01  0.10081E+00  0.34197E-01  0.37673E+01  0.90107E-01
  0.65200E+01  0.11578E+01  0.12309E-01  0.10140E+00  0.33788E-01  0.36667E+01  0.89642E-01
  0.65300E+01  0.11578E+01  0.12343E-01  0.10196E+00  0.33384E-01  0.35763E+01  0.89174E-01
  0.65400E+01  0.11578E+01  0.12376E-01  0.10250E+00  0.32986E-01  0.34956E+01  0.88704E-01
  0.65500E+01  0.11578E+01  0.12407E-01  0.10301E+00  0.32593E-01  0.34239E+01  0.88231E-01
  0.65600E+01  0.11578E+01  0.12436E-01  0.10350E+00  0.32207E-01  0.33609E+01  0.87755E-01
  0.65700E+01  0.11578E+01  0.12464E-01  0.10397E+00  0.31824E-01  0.33061E+01  0.87277E-01
  0.65800E+01  0.11578E+01  0.12491E-01  0.10442E+00  0.31447E-01  0.32589E+01  0.86797E-01
  0.65900E+01  0.11578E+01  0.12516E-01  0.10485E+00  0.31076E-01  0.32189E+01  0.86314E-01
  0.66000E+01  0.11578E+01  0.12540E-01  0.10527E+00  0.30710E-01  0.31860E+01  0.85829E-01
  0.66100E+01  0.11578E+01  0.12563E-01  0.10567E+00  0.30348E-01  0.31594E+01  0.85341E-01
  0.66200E+01  0.11578E+01  0.12586E-01  0.10606E+00  0.29991E-01  0.31390E+01  0.84851E-01
  0.66300E+01  0.11578E+01  0.12607E-01  0.10644E+00  0.29640E-01  0.31244E+01  0.84359E-01
  0.66400E+01  0.11578E+01  0.12627E-01  0.10681E+00  0.29294E-01  0.31152E+01  0.83864E-01
  0.66500E+01  0.11578E+01  0.12647E-01  0.10716E+00  0.28952E-01  0.31110E+01  0.83368E-01
  0.66600E+01  0.11578E+01  0.12666E-01  0.10751E+00  0.28616E-01  0.31114E+01  0.82869E-01
  0.66700E+01  0.11578E+01  0.12684E-01  0.10786E+00  0.28283E-01  0.31161E+01  0.82369E-01
  0.66800E+01  0.11578E+01  0.12701E-01  0.10819E+00  0.27955E-01  0.31253E+01  0.81867E-01
  0.66900E+01  0.11578E+01  0.12719E-01  0.10852E+00  0.27633E-01  0.31372E+01  0.81363E-01
  0.67000E+01  0.11578E+01  0.12735E-01  0.10885E+00  0.27315E-01  0.31521E+01  0.80857E-01
  0.67100E+01  0.11578E+01  0.12751E-01  0.10917E+00  0.27000E-01  0.31689E+01  0.80350E-01
  0.67200E+01  0.11578E+01  0.12767E-01  0.10949E+00  0.26690E-01  0.31884E+01  0.79841E-01
  0.67300E+01  0.11578E+01  0.12782E-01  0.10981E+00  0.26387E-01  0.32093E+01  0.79330E-01
  0.67400E+01  0.11578E+01  0.12797E-01  0.11012E+00  0.26086E-01  0.32310E+01  0.78819E-01
  0.67500E+01  0.11578E+01  0.12812E-01  0.11044E+00  0.25790E-01  0.32530E+01  0.78306E-01
  0.67600E+01  0.11578E+01  0.12826E-01  0.11075E+00  0.25497E-01  0.32747E+01  0.77792E-01
  0.67700E+01  0.11578E+01  0.12840E-01  0.11107E+00  0.25210E-01  0.32941E+01  0.77276E-01
  0.67800E+01  0.11578E+01  0.12854E-01  0.11138E+00  0.24927E-01  0.33129E+01  0.76760E-01
  0.67900E+01  0.11578E+01  0.12868E-01  0.11170E+00  0.24647E-01  0.33291E+01  0.76243E-01
  0.68000E+01  0.11578E+01  0.12881E-01  0.11202E+00  0.24373E-01  0.33420E+01  0.75725E-01
  0.68100E+01  0.11578E+01  0.12894E-01  0.11234E+00  0.24102E-01  0.33519E+01  0.75207E-01
  0.68200E+01  0.11578E+01  0.12907E-01  0.11267E+00  0.23835E-01  0.33561E+01  0.74687E-01
  0.68300E+01  0.11578E+01  0.12921E-01  0.11301E+00  0.23573E-01  0.33549E+01  0.74168E-01
  0.68400E+01  0.11578E+01  0.12934E-01  0.11336E+00  0.23314E-01  0.33466E+01  0.73647E-01
  0.68500E+01  0.11578E+01  0.12947E-01  0.11371E+00  0.23060E-01  0.33328E+01  0.73127E-01
  0.68600E+01  0.11578E+01  0.12961E-01  0.11407E+00  0.22809E-01  0.33120E+01  0.72606E-01
  0.68700E+01  0.11578E+01  0.12974E-01  0.11445E+00  0.22562E-01  0.32838E+01  0.72085E-01
  0.68800E+01  0.11578E+01  0.12987E-01  0.11483E+00  0.22320E-01  0.32488E+01  0.71564E-01
  0.68900E+01  0.11578E+01  0.13001E-01  0.11523E+00  0.22081E-01  0.32046E+01  0.71042E-01
  0.69000E+01  0.11578E+01  0.13015E-01  0.11564E+00  0.21845E-01  0.31537E+01  0.70521E-01
  0.69100E+01  0.11578E+01  0.13029E-01  0.11606E+00  0.21614E-01  0.30961E+01  0.70000E-01
  0.69200E+01  0.11578E+01  0.13043E-01  0.11650E+00  0.21386E-01  0.30309E+01  0.69480E-01
  0.69300E+01  0.11578E+01  0.13058E-01  0.11695E+00  0.21161E-01  0.29592E+01  0.68959E-01
  0.69400E+01  0.11578E+01  0.13073E-01  0.11742E+00  0.20943E-01  0.28809E+01  0.68439E-01
  0.69500E+01  0.11578E+01  0.13087E-01  0.11789E+00  0.20726E-01  0.27989E+01  0.67920E-01
  0.69600E+01  0.11578E+01  0.13102E-01  0.11838E+00  0.20513E-01  0.27112E+01  0.67401E-01
  0.69700E+01  0.11578E+01  0.13117E-01  0.11887E+00  0.20304E-01  0.26214E+01  0.66882E-01
  0.69800E+01  0.11578E+01  0.13132E-01  0.11937E+00  0.20099E-01  0.25283E+01  0.66365E-01
  0.69900E+01  0.11578E+01  0.13147E-01  0.11988E+00  0.19897E-01  0.24328E+01  0.65848E-01
  0.70000E+01  0.11578E+01  0.13161E-01  0.12039E+00  0.19699E-01  0.23378E+01  0.65332E-01
  0.70100E+01  0.11578E+01  0.13176E-01  0.12089E+00  0.19504E-01  0.22421E+01  0.64817E-01
  0.70200E+01  0.11578E+01  0.13190E-01  0.12139E+00  0.19315E-01  0.21468E+01  0.64303E-01
  0.70300E+01  0.11578E+01  0.13204E-01  0.12189E+00  0.19127E-01  0.20533E+01  0.63790E-01
  0.70400E+01  0.11578E+01  0.13217E-01  0.12237E+00  0.18944E-01  0.19617E+01  0.63278E-01
  0.70500E+01  0.11578E+01  0.13231E-01  0.12284E+00  0.18763E-01  0.18727E+01  0.62767E-01
  0.70600E+01  0.11578E+01  0.13243E-01  0.12329E+00  0.18587E-01  0.17872E+01  0.62258E-01
  0.70700E+01  0.11578E+01  0.13255E-01  0.12373E+00  0.18414E-01  0.17041E+01  0.61750E-01
  0.70800E+01  0.11578E+01  0.13267E-01  0.12415E+00  0.18245E-01  0.16244E+01  0.61243E-01
  0.70900E+01  0.11578E+01  0.13278E-01  0.12455E+00  0.18079E-01  0.15482E+01  0.60738E-01
  0.71000E+01  0.11578E+01  0.13289E-01  0.12494E+00  0.17916E-01  0.14757E+01  0.60235E-01
  0.71100E+01  0.11578E+01  0.13299E-01  0.12530E+00  0.17757E-01  0.14068E+01  0.59733E-01
  0.71200E+01  0.11578E+01  0.13308E-01  0.12565E+00  0.17601E-01  0.13415E+01  0.59232E-01
  0.71300E+01  0.11578E+01  0.13317E-01  0.12597E+00  0.17449E-01  0.12797E+01  0.58734E-01
  0.71400E+01  0.11578E+01  0.13326E-01  0.12628E+00  0.17300E-01  0.12214E+01  0.58237E-01
  0.71500E+01  0.11578E+01  0.13334E-01  0.12657E+00  0.17155E-01  0.11664E+01  0.57742E-01
  0.71600E+01  0.11578E+01  0.13341E-01  0.12685E+00  0.17013E-01  0.11146E+01  0.57248E-01
  0.71700E+01  0.11578E+01  0.13348E-01  0.12710E+00  0.16875E-01  0.10659E+01  0.56757E-01
  0.71800E+01  0.11578E+01  0.13355E-01  0.12735E+00  0.16740E-01  0.10201E+01  0.56267E-01
  0.71900E+01  0.11578E+01  0.13362E-01  0.12758E+00  0.16608E-01  0.97734E+00  0.55780E-01
  0.72000E+01  0.11578E+01  0.13368E-01  0.12780E+00  0.16480E-01  0.93679E+00  0.55295E-01
  0.72100E+01  0.11578E+01  0.13374E-01  0.12800E+00  0.16355E-01  0.89868E+00  0.54811E-01
  0.72200E+01  0.11578E+01  0.13379E-01  0.12819E+00  0.16234E-01  0.86283E+00  0.54330E-01
  0.72300E+01  0.11578E+01  0.13384E-01  0.12838E+00  0.16115E-01  0.82916E+00  0.53851E-01
  0.72400E+01  0.11578E+01  0.13389E-01  0.12855E+00  0.16001E-01  0.79752E+00  0.53374E-01
  0.72500E+01  0.11578E+01  0.13394E-01  0.12871E+00  0.15889E-01  0.76775E+00  0.52900E-01
  0.72600E+01  0.11578E+01  0.13398E-01  0.12887E+00  0.15781E-01  0.73976E+00  0.52428E-01
  0.72700E+01  0.11578E+01  0.13402E-01  0.12901E+00  0.15677E-01  0.71343E+00  0.51958E-01
  0.72800E+01  0.11578E+01  0.13406E-01  0.12915E+00  0.15576E-01  0.68865E+00  0.51490E-01
  0.72900E+01  0.11578E+01  0.13410E-01  0.12928E+00  0.15478E-01  0.66528E+00  0.51025E-01
  0.73000E+01  0.11578E+01  0.13414E-01  0.12941E+00  0.15384E-01  0.64334E+00  0.50562E-01
  0.73100E+01  0.11578E+01  0.13417E-01  0.12953E+00  0.15293E-01  0.62677E+00  0.50102E-01
  0.73200E+01  0.11578E+01  0.13420E-01  0.12964E+00  0.15205E-01  0.60688E+00  0.49644E-01
  0.73300E+01  0.11578E+01  0.13424E-01  0.12975E+00  0.15121E-01  0.58813E+00  0.49189E-01
  0.73400E+01  0.11578E+01  0.13427E-01  0.12985E+00  0.15040E-01  0.57045E+00  0.48736E-01
  0.73500E+01  0.11578E+01  0.13429E-01  0.12995E+00  0.14962E-01  0.55395E+00  0.48286E-01
  0.73600E+01  0.11578E+01  0.13432E-01  0.13004E+00  0.14888E-01  0.53823E+00  0.47839E-01
  0.73700E+01  0.11578E+01  0.13435E-01  0.13013E+00  0.14818E-01  0.52339E+00  0.47394E-01
  0.73800E+01  0.11578E+01  0.13437E-01  0.13022E+00  0.14750E-01  0.50936E+00  0.46952E-01
  0.73900E+01  0.11578E+01  0.13440E-01  0.13030E+00  0.14687E-01  0.49616E+00  0.46512E-01
  0.74000E+01  0.11578E+01  0.13442E-01  0.13038E+00  0.14626E-01  0.48370E+00  0.46075E-01
  0.74100E+01  0.11578E+01  0.13444E-01  0.13045E+00  0.14569E-01  0.47195E+00  0.45641E-01
  0.74200E+01  0.11578E+01  0.13446E-01  0.13053E+00  0.14516E-01  0.46085E+00  0.45209E-01
  0.74300E+01  0.11578E+01  0.13448E-01  0.13060E+00  0.14466E-01  0.45020E+00  0.44781E-01
  0.74400E+01  0.11578E+01  0.13450E-01  0.13066E+00  0.14420E-01  0.44032E+00  0.44355E-01
  0.74500E+01  0.11578E+01  0.13452E-01  0.13073E+00  0.14377E-01  0.43101E+00  0.43931E-01
  0.74600E+01  0.11578E+01  0.13454E-01  0.13079E+00  0.14337E-01  0.42221E+00  0.43511E-01
  0.74700E+01  0.11578E+01  0.13456E-01  0.13085E+00  0.14301E-01  0.41392E+00  0.43093E-01
  0.74800E+01  0.11578E+01  0.13457E-01  0.13091E+00  0.14269E-01  0.40606E+00  0.42679E-01
  0.74900E+01  0.11578E+01  0.13459E-01  0.13097E+00  0.14240E-01  0.39867E+00  0.42267E-01
  0.75000E+01  0.11578E+01  0.13460E-01  0.13103E+00  0.14214E-01  0.39289E+00  0.41857E-01
  0.75100E+01  0.11578E+01  0.13462E-01  0.13108E+00  0.14192E-01  0.38619E+00  0.41451E-01
  0.75200E+01  0.11578E+01  0.13464E-01  0.13114E+00  0.14174E-01  0.37986E+00  0.41048E-01
  0.75300E+01  0.11578E+01  0.13465E-01  0.13119E+00  0.14159E-01  0.37388E+00  0.40647E-01
  0.75400E+01  0.11578E+01  0.13466E-01  0.13124E+00  0.14148E-01  0.36823E+00  0.40249E-01
  0.75500E+01  0.11578E+01  0.13468E-01  0.13129E+00  0.14141E-01  0.36289E+00  0.39854E-01
  0.75600E+01  0.11578E+01  0.13469E-01  0.13134E+00  0.14137E-01  0.35784E+00  0.39462E-01
  0.75700E+01  0.11578E+01  0.13471E-01  0.13139E+00  0.14137E-01  0.35307E+00  0.39073E-01
  0.75800E+01  0.11578E+01  0.13472E-01  0.13144E+00  0.14141E-01  0.34855E+00  0.38687E-01
  0.75900E+01  0.11578E+01  0.13473E-01  0.13149E+00  0.14148E-01  0.34428E+00  0.38304E-01
  0.76000E+01  0.11578E+01  0.13474E-01  0.13154E+00  0.14159E-01  0.34022E+00  0.37923E-01
  0.76100E+01  0.11578E+01  0.13476E-01  0.13159E+00  0.14174E-01  0.33638E+00  0.37546E-01
  0.76200E+01  0.11578E+01  0.13477E-01  0.13164E+00  0.14193E-01  0.33272E+00  0.37171E-01
  0.76300E+01  0.11578E+01  0.13478E-01  0.13169E+00  0.14215E-01  0.32924E+00  0.36799E-01
  0.76400E+01  0.11578E+01  0.13479E-01  0.13174E+00  0.14241E-01  0.32593E+00  0.36430E-01
  0.76500E+01  0.11578E+01  0.13481E-01  0.13179E+00  0.14271E-01  0.32277E+00  0.36064E-01
  0.76600E+01  0.11578E+01  0.13482E-01  0.13184E+00  0.14305E-01  0.32031E+00  0.35701E-01
  0.76700E+01  0.11578E+01  0.13483E-01  0.13189E+00  0.14343E-01  0.31745E+00  0.35341E-01
  0.76800E+01  0.11578E+01  0.13484E-01  0.13194E+00  0.14385E-01  0.31461E+00  0.34983E-01
  0.76900E+01  0.11578E+01  0.13486E-01  0.13199E+00  0.14431E-01  0.31188E+00  0.34629E-01
  0.77000E+01  0.11578E+01  0.13487E-01  0.13205E+00  0.14481E-01  0.30923E+00  0.34277E-01
  0.77100E+01  0.11578E+01  0.13488E-01  0.13210E+00  0.14534E-01  0.30668E+00  0.33929E-01
  0.77200E+01  0.11578E+01  0.13489E-01  0.13216E+00  0.14592E-01  0.30420E+00  0.33583E-01
  0.77300E+01  0.11578E+01  0.13491E-01  0.13221E+00  0.14654E-01  0.30183E+00  0.33240E-01
  0.77400E+01  0.11578E+01  0.13492E-01  0.13227E+00  0.14720E-01  0.29947E+00  0.32900E-01
  0.77500E+01  0.11578E+01  0.13493E-01  0.13232E+00  0.14790E-01  0.29715E+00  0.32562E-01
  0.77600E+01  0.11578E+01  0.13495E-01  0.13238E+00  0.14864E-01  0.29487E+00  0.32228E-01
  0.77700E+01  0.11578E+01  0.13496E-01  0.13244E+00  0.14943E-01  0.29263E+00  0.31896E-01
  0.77800E+01  0.11578E+01  0.13497E-01  0.13250E+00  0.15025E-01  0.29040E+00  0.31568E-01
  0.77900E+01  0.11578E+01  0.13499E-01  0.13256E+00  0.15112E-01  0.28820E+00  0.31242E-01
  0.78000E+01  0.11578E+01  0.13500E-01  0.13263E+00  0.15204E-01  0.28684E+00  0.30918E-01
  0.78100E+01  0.11578E+01  0.13501E-01  0.13269E+00  0.15299E-01  0.28456E+00  0.30598E-01
  0.78200E+01  0.11578E+01  0.13503E-01  0.13275E+00  0.15399E-01  0.28227E+00  0.30281E-01
  0.78300E+01  0.11578E+01  0.13504E-01  0.13282E+00  0.15503E-01  0.27998E+00  0.29966E-01
  0.78400E+01  0.11578E+01  0.13506E-01  0.13289E+00  0.15612E-01  0.27768E+00  0.29654E-01
  0.78500E+01  0.11578E+01  0.13507E-01  0.13296E+00  0.15725E-01  0.27536E+00  0.29344E-01
  0.78600E+01  0.11578E+01  0.13509E-01  0.13302E+00  0.15843E-01  0.27307E+00  0.29038E-01
  0.78700E+01  0.11578E+01  0.13510E-01  0.13309E+00  0.15966E-01  0.27070E+00  0.28734E-01
  0.78800E+01  0.11578E+01  0.13512E-01  0.13316E+00  0.16092E-01  0.26829E+00  0.28433E-01
  0.78900E+01  0.11578E+01  0.13513E-01  0.13323E+00  0.16224E-01  0.26593E+00  0.28135E-01
  0.79000E+01  0.11578E+01  0.13515E-01  0.13331E+00  0.16360E-01  0.26349E+00  0.27839E-01
  0.79100E+01  0.11578E+01  0.13516E-01  0.13338E+00  0.16501E-01  0.26161E+00  0.27546E-01
  0.79200E+01  0.11578E+01  0.13518E-01  0.13345E+00  0.16647E-01  0.25903E+00  0.27256E-01
  0.79300E+01  0.11578E+01  0.13519E-01  0.13352E+00  0.16798E-01  0.25643E+00  0.26968E-01
  0.79400E+01  0.11578E+01  0.13521E-01  0.13360E+00  0.16953E-01  0.25381E+00  0.26683E-01
  0.79500E+01  0.11578E+01  0.13522E-01  0.13367E+00  0.17113E-01  0.25116E+00  0.26400E-01
  0.79600E+01  0.11578E+01  0.13524E-01  0.13375E+00  0.17279E-01  0.24851E+00  0.26121E-01
  0.79700E+01  0.11578E+01  0.13525E-01  0.13382E+00  0.17449E-01  0.24580E+00  0.25843E-01
  0.79800E+01  0.11578E+01  0.13527E-01  0.13389E+00  0.17624E-01  0.24307E+00  0.25569E-01
  0.79900E+01  0.11578E+01  0.13528E-01  0.13397E+00  0.17805E-01  0.24031E+00  0.25297E-01
  0.80000E+01  0.11578E+01  0.13530E-01  0.13404E+00  0.17990E-01  0.23754E+00  0.25027E-01
  0.80100E+01  0.11578E+01  0.13531E-01  0.13411E+00  0.18181E-01  0.23493E+00  0.24760E-01
  0.80200E+01  0.11578E+01  0.13533E-01  0.13418E+00  0.18377E-01  0.23210E+00  0.24496E-01
  0.80300E+01  0.11578E+01  0.13534E-01  0.13425E+00  0.18578E-01  0.22927E+00  0.24234E-01
  0.80400E+01  0.11578E+01  0.13536E-01  0.13433E+00  0.18784E-01  0.22642E+00  0.23975E-01
  0.80500E+01  0.11578E+01  0.13537E-01  0.13439E+00  0.18996E-01  0.22357E+00  0.23718E-01
  0.80600E+01  0.11578E+01  0.13539E-01  0.13446E+00  0.19213E-01  0.22078E+00  0.23463E-01
  0.80700E+01  0.11578E+01  0.13540E-01  0.13453E+00  0.19436E-01  0.21792E+00  0.23211E-01
  0.80800E+01  0.11578E+01  0.13541E-01  0.13460E+00  0.19664E-01  0.21507E+00  0.22962E-01
  0.80900E+01  0.11578E+01  0.13543E-01  0.13466E+00  0.19898E-01  0.21223E+00  0.22715E-01
  0.81000E+01  0.11578E+01  0.13544E-01  0.13473E+00  0.20137E-01  0.20939E+00  0.22470E-01
  0.81100E+01  0.11578E+01  0.13545E-01  0.13479E+00  0.20383E-01  0.20671E+00  0.22228E-01
  0.81200E+01  0.11578E+01  0.13547E-01  0.13485E+00  0.20633E-01  0.20389E+00  0.21988E-01
  0.81300E+01  0.11578E+01  0.13548E-01  0.13491E+00  0.20890E-01  0.20110E+00  0.21750E-01
  0.81400E+01  0.11578E+01  0.13549E-01  0.13497E+00  0.21152E-01  0.19832E+00  0.21515E-01
  0.81500E+01  0.11578E+01  0.13550E-01  0.13503E+00  0.21421E-01  0.19557E+00  0.21282E-01
  0.81600E+01  0.11578E+01  0.13552E-01  0.13509E+00  0.21695E-01  0.19285E+00  0.21051E-01
  0.81700E+01  0.11578E+01  0.13553E-01  0.13515E+00  0.21975E-01  0.19016E+00  0.20823E-01
  0.81800E+01  0.11578E+01  0.13554E-01  0.13520E+00  0.22262E-01  0.18750E+00  0.20596E-01
  0.81900E+01  0.11578E+01  0.13555E-01  0.13525E+00  0.22554E-01  0.18488E+00  0.20373E-01
  0.82000E+01  0.11578E+01  0.13556E-01  0.13530E+00  0.22853E-01  0.18233E+00  0.20151E-01
  0.82100E+01  0.11578E+01  0.13557E-01  0.13535E+00  0.23158E-01  0.17978E+00  0.19931E-01
  0.82200E+01  0.11578E+01  0.13558E-01  0.13540E+00  0.23469E-01  0.17728E+00  0.19714E-01
  0.82300E+01  0.11578E+01  0.13559E-01  0.13545E+00  0.23786E-01  0.17482E+00  0.19499E-01
  0.82400E+01  0.11578E+01  0.13560E-01  0.13550E+00  0.24110E-01  0.17240E+00  0.19286E-01
  0.82500E+01  0.11578E+01  0.13561E-01  0.13554E+00  0.24441E-01  0.17003E+00  0.19076E-01
  0.82600E+01  0.11578E+01  0.13562E-01  0.13558E+00  0.24778E-01  0.16785E+00  0.18867E-01
  0.82700E+01  0.11578E+01  0.13562E-01  0.13563E+00  0.25121E-01  0.16555E+00  0.18661E-01
  0.82800E+01  0.11578E+01  0.13563E-01  0.13567E+00  0.25471E-01  0.16330E+00  0.18456E-01
  0.82900E+01  0.11578E+01  0.13564E-01  0.13571E+00  0.25828E-01  0.16111E+00  0.18254E-01
  0.83000E+01  0.11578E+01  0.13565E-01  0.13574E+00  0.26191E-01  0.16135E+00  0.18054E-01
  0.83100E+01  0.11578E+01  0.13566E-01  0.13578E+00  0.26562E-01  0.15897E+00  0.17855E-01
  0.83200E+01  0.11578E+01  0.13566E-01  0.13582E+00  0.26939E-01  0.15668E+00  0.17659E-01
  0.83300E+01  0.11578E+01  0.13567E-01  0.13585E+00  0.27323E-01  0.15952E+00  0.17465E-01
  0.83400E+01  0.11578E+01  0.13568E-01  0.13589E+00  0.27714E-01  0.15690E+00  0.17273E-01
  0.83500E+01  0.11578E+01  0.13568E-01  0.13592E+00  0.28112E-01  0.15434E+00  0.17083E-01
  0.83600E+01  0.11578E+01  0.13569E-01  0.13595E+00  0.28517E-01  0.15185E+00  0.16895E-01
  0.83700E+01  0.11578E+01  0.13570E-01  0.13598E+00  0.28930E-01  0.14954E+00  0.16709E-01
  0.83800E+01  0.11578E+01  0.13570E-01  0.13601E+00  0.29349E-01  0.14715E+00  0.16524E-01
  0.83900E+01  0.11578E+01  0.13571E-01  0.13604E+00  0.29776E-01  0.14482E+00  0.16342E-01
  0.84000E+01  0.11578E+01  0.13571E-01  0.13607E+00  0.30211E-01  0.14275E+00  0.16161E-01
  0.84100E+01  0.11578E+01  0.13572E-01  0.13610E+00  0.30653E-01  0.14051E+00  0.15983E-01
  0.84200E+01  0.11578E+01  0.13572E-01  0.13612E+00  0.31102E-01  0.13833E+00  0.15806E-01
  0.84300E+01  0.11578E+01  0.13573E-01  0.13615E+00  0.31559E-01  0.13622E+00  0.15631E-01
  0.84400E+01  0.11578E+01  0.13573E-01  0.13617E+00  0.32023E-01  0.13414E+00  0.15458E-01
  0.84500E+01  0.11578E+01  0.13574E-01  0.13619E+00  0.32495E-01  0.13211E+00  0.15287E-01
  0.84600E+01  0.11578E+01  0.13574E-01  0.13622E+00  0.32975E-01  0.13012E+00  0.15117E-01
  0.84700E+01  0.11578E+01  0.13575E-01  0.13624E+00  0.33463E-01  0.12818E+00  0.14950E-01
  0.84800E+01  0.11578E+01  0.13575E-01  0.13626E+00  0.33958E-01  0.12629E+00  0.14784E-01
  0.84900E+01  0.11578E+01  0.13576E-01  0.13628E+00  0.34462E-01  0.12443E+00  0.14620E-01
  0.85000E+01  0.11578E+01  0.13576E-01  0.13630E+00  0.34973E-01  0.12262E+00  0.14457E-01
  0.85100E+01  0.11578E+01  0.13576E-01  0.13632E+00  0.35493E-01  0.12085E+00  0.14297E-01
  0.85200E+01  0.11578E+01  0.13577E-01  0.13634E+00  0.36021E-01  0.11914E+00  0.14138E-01
  0.85300E+01  0.11578E+01  0.13577E-01  0.13636E+00  0.36557E-01  0.11745E+00  0.13980E-01
  0.85400E+01  0.11578E+01  0.13578E-01  0.13638E+00  0.37101E-01  0.11579E+00  0.13825E-01
  0.85500E+01  0.11578E+01  0.13578E-01  0.13639E+00  0.37654E-01  0.11417E+00  0.13671E-01
  0.85600E+01  0.11578E+01  0.13578E-01  0.13641E+00  0.38215E-01  0.11258E+00  0.13518E-01
  0.85700E+01  0.11578E+01  0.13579E-01  0.13643E+00  0.38785E-01  0.11102E+00  0.13368E-01
  0.85800E+01  0.11578E+01  0.13579E-01  0.13644E+00  0.39363E-01  0.10950E+00  0.13219E-01
  0.85900E+01  0.11578E+01  0.13579E-01  0.13646E+00  0.39950E-01  0.10801E+00  0.13071E-01
  0.86000E+01  0.11578E+01  0.13579E-01  0.13647E+00  0.40546E-01  0.10655E+00  0.12925E-01
  0.86100E+01  0.11578E+01  0.13580E-01  0.13649E+00  0.41150E-01  0.10514E+00  0.12781E-01
  0.86200E+01  0.11578E+01  0.13580E-01  0.13650E+00  0.41764E-01  0.10374E+00  0.12638E-01
  0.86300E+01  0.11578E+01  0.13580E-01  0.13651E+00  0.42386E-01  0.10237E+00  0.12497E-01
  0.86400E+01  0.11578E+01  0.13580E-01  0.13653E+00  0.43017E-01  0.10102E+00  0.12357E-01
  0.86500E+01  0.11578E+01  0.13581E-01  0.13654E+00  0.43658E-01  0.99701E-01  0.12219E-01
  0.86600E+01  0.11578E+01  0.13581E-01  0.13655E+00  0.44308E-01  0.98406E-01  0.12082E-01
  0.86700E+01  0.11578E+01  0.13581E-01  0.13656E+00  0.44967E-01  0.97136E-01  0.11947E-01
  0.86800E+01  0.11578E+01  0.13581E-01  0.13657E+00  0.45635E-01  0.95890E-01  0.11813E-01
  0.86900E+01  0.11578E+01  0.13582E-01  0.13658E+00  0.46313E-01  0.94691E-01  0.11681E-01
  0.87000E+01  0.11578E+01  0.13582E-01  0.13659E+00  0.47000E-01  0.93488E-01  0.11550E-01
  0.87100E+01  0.11578E+01  0.13582E-01  0.13660E+00  0.47697E-01  0.92311E-01  0.11420E-01
  0.87200E+01  0.11578E+01  0.13582E-01  0.13661E+00  0.48404E-01  0.91156E-01  0.11292E-01
  0.87300E+01  0.11578E+01  0.13582E-01  0.13662E+00  0.49120E-01  0.90021E-01  0.11166E-01
  0.87400E+01  0.11578E+01  0.13583E-01  0.13663E+00  0.49847E-01  0.88907E-01  0.11040E-01
  0.87500E+01  0.11578E+01  0.13583E-01  0.13664E+00  0.50583E-01  0.87813E-01  0.10916E-01
  0.87600E+01  0.11578E+01  0.13583E-01  0.13665E+00  0.51329E-01  0.86739E-01  0.10794E-01
  0.87700E+01  0.11578E+01  0.13583E-01  0.13666E+00  0.52086E-01  0.85707E-01  0.10672E-01
  0.87800E+01  0.11578E+01  0.13583E-01  0.13667E+00  0.52852E-01  0.84670E-01  0.10552E-01
  0.87900E+01  0.11578E+01  0.13583E-01  0.13668E+00  0.53629E-01  0.83652E-01  0.10434E-01
  0.88000E+01  0.11578E+01  0.13584E-01  0.13668E+00  0.54417E-01  0.82650E-01  0.10316E-01
  0.88100E+01  0.11578E+01  0.13584E-01  0.13669E+00  0.55215E-01  0.81667E-01  0.10200E-01
  0.88200E+01  0.11578E+01  0.13584E-01  0.13670E+00  0.56023E-01  0.80700E-01  0.10086E-01
  0.88300E+01  0.11578E+01  0.13584E-01  0.13671E+00  0.56843E-01  0.79773E-01  0.99721E-02
  0.88400E+01  0.11578E+01  0.13584E-01  0.13671E+00  0.57673E-01  0.78839E-01  0.98598E-02
  0.88500E+01  0.11578E+01  0.13584E-01  0.13672E+00  0.58514E-01  0.77920E-01  0.97488E-02
  0.88600E+01  0.11578E+01  0.13584E-01  0.13673E+00  0.59366E-01  0.77016E-01  0.96390E-02
  0.88700E+01  0.11578E+01  0.13584E-01  0.13673E+00  0.60229E-01  0.76128E-01  0.95304E-02
  0.88800E+01  0.11578E+01  0.13585E-01  0.13674E+00  0.61104E-01  0.75254E-01  0.94229E-02
  0.88900E+01  0.11578E+01  0.13585E-01  0.13674E+00  0.61990E-01  0.74394E-01  0.93167E-02
  0.89000E+01  0.11578E+01  0.13585E-01  0.13675E+00  0.62887E-01  0.73574E-01  0.92116E-02
  0.89100E+01  0.11578E+01  0.13585E-01  0.13675E+00  0.63796E-01  0.72743E-01  0.91077E-02
  0.89200E+01  0.11578E+01  0.13585E-01  0.13676E+00  0.64716E-01  0.71924E-01  0.90050E-02
  0.89300E+01  0.11578E+01  0.13585E-01  0.13677E+00  0.65648E-01  0.71116E-01  0.89033E-02
  0.89400E+01  0.11578E+01  0.13585E-01  0.13677E+00  0.66592E-01  0.70324E-01  0.88028E-02
  0.89500E+01  0.11578E+01  0.13585E-01  0.13678E+00  0.67549E-01  0.69545E-01  0.87034E-02
  0.89600E+01  0.11578E+01  0.13585E-01  0.13678E+00  0.68517E-01  0.68805E-01  0.86051E-02
  0.89700E+01  0.11578E+01  0.13585E-01  0.13678E+00  0.69497E-01  0.68050E-01  0.85079E-02
  0.89800E+01  0.11578E+01  0.13585E-01  0.13679E+00  0.70490E-01  0.67308E-01  0.84118E-02
  0.89900E+01  0.11578E+01  0.13586E-01  0.13679E+00  0.71496E-01  0.66577E-01  0.83167E-02
  0.90000E+01  0.11578E+01  0.13586E-01  0.13680E+00  0.72514E-01  0.65857E-01  0.82227E-02
