   0.1000E+02   0.0000E+00   0.0000E+00
   0.1050E+02   0.0000E+00   0.0000E+00
   0.1100E+02   0.0000E+00   0.0000E+00
   0.1150E+02   0.0000E+00   0.0000E+00
   0.1200E+02   0.0000E+00   0.0000E+00
   0.1250E+02   0.0000E+00   0.0000E+00
   0.1300E+02   0.0000E+00   0.0000E+00
   0.1350E+02   0.0000E+00   0.0000E+00
   0.1400E+02   0.0000E+00   0.0000E+00
   0.1450E+02   0.0000E+00   0.0000E+00
   0.1500E+02   0.0000E+00   0.0000E+00
   0.1550E+02   0.0000E+00   0.0000E+00
   0.1600E+02   0.0000E+00   0.0000E+00
   0.1650E+02   0.0000E+00   0.0000E+00
   0.1700E+02   0.0000E+00   0.0000E+00
   0.1750E+02   0.0000E+00   0.0000E+00
   0.1800E+02   0.0000E+00   0.0000E+00
   0.1850E+02   0.0000E+00   0.0000E+00
   0.1900E+02   0.0000E+00   0.0000E+00
   0.1950E+02   0.0000E+00   0.0000E+00
   0.2000E+02   0.0000E+00   0.0000E+00
   0.2050E+02   0.0000E+00   0.0000E+00
   0.2100E+02   0.0000E+00   0.0000E+00
   0.2150E+02   0.0000E+00   0.0000E+00
   0.2200E+02   0.0000E+00   0.0000E+00
   0.2250E+02   0.0000E+00   0.0000E+00
   0.2300E+02   0.0000E+00   0.0000E+00
   0.2350E+02   0.0000E+00   0.0000E+00
   0.2400E+02   0.0000E+00   0.0000E+00
   0.2450E+02   0.0000E+00   0.0000E+00
   0.2500E+02   0.0000E+00   0.0000E+00
   0.2550E+02   0.0000E+00   0.0000E+00
   0.2600E+02   0.0000E+00   0.0000E+00
   0.2650E+02   0.0000E+00   0.0000E+00
   0.2700E+02   0.0000E+00   0.0000E+00
   0.2750E+02   0.0000E+00   0.0000E+00
   0.2800E+02   0.0000E+00   0.0000E+00
   0.2850E+02   0.0000E+00   0.0000E+00
   0.2900E+02   0.0000E+00   0.0000E+00
   0.2950E+02   0.0000E+00   0.0000E+00
   0.3000E+02   0.0000E+00   0.0000E+00
   0.3050E+02   0.0000E+00   0.0000E+00
   0.3100E+02   0.0000E+00   0.0000E+00
   0.3150E+02   0.0000E+00   0.0000E+00
   0.3200E+02   0.0000E+00   0.0000E+00
   0.3250E+02   0.0000E+00   0.0000E+00
   0.3300E+02   0.0000E+00   0.0000E+00
   0.3350E+02   0.0000E+00   0.0000E+00
   0.3400E+02   0.0000E+00   0.0000E+00
   0.3450E+02   0.0000E+00   0.0000E+00
   0.3500E+02   0.0000E+00   0.0000E+00
   0.3550E+02   0.0000E+00   0.0000E+00
   0.3600E+02   0.0000E+00   0.0000E+00
   0.3650E+02   0.0000E+00   0.0000E+00
   0.3700E+02   0.0000E+00   0.0000E+00
   0.3750E+02   0.0000E+00   0.0000E+00
   0.3800E+02   0.0000E+00   0.0000E+00
   0.3850E+02   0.0000E+00   0.0000E+00
   0.3900E+02   0.0000E+00   0.0000E+00
   0.3950E+02   0.0000E+00   0.0000E+00
   0.4000E+02   0.0000E+00   0.0000E+00
   0.4050E+02   0.0000E+00   0.0000E+00
   0.4100E+02   0.0000E+00   0.0000E+00
   0.4150E+02   0.0000E+00   0.0000E+00
   0.4200E+02   0.0000E+00   0.0000E+00
   0.4250E+02   0.0000E+00   0.0000E+00
   0.4300E+02   0.0000E+00   0.0000E+00
   0.4350E+02   0.0000E+00   0.0000E+00
   0.4400E+02   0.0000E+00   0.0000E+00
   0.4450E+02   0.0000E+00   0.0000E+00
   0.4500E+02   0.0000E+00   0.0000E+00
   0.4550E+02   0.0000E+00   0.0000E+00
   0.4600E+02   0.0000E+00   0.0000E+00
   0.4650E+02   0.0000E+00   0.0000E+00
   0.4700E+02   0.0000E+00   0.0000E+00
   0.4750E+02   0.0000E+00   0.0000E+00
   0.4800E+02   0.0000E+00   0.0000E+00
   0.4850E+02   0.0000E+00   0.0000E+00
   0.4900E+02   0.0000E+00   0.0000E+00
   0.4950E+02   0.0000E+00   0.0000E+00
   0.5000E+02   0.0000E+00   0.0000E+00
   0.5050E+02   0.0000E+00   0.0000E+00
   0.5100E+02   0.0000E+00   0.0000E+00
   0.5150E+02   0.0000E+00   0.0000E+00
   0.5200E+02   0.0000E+00   0.0000E+00
   0.5250E+02   0.0000E+00   0.0000E+00
   0.5300E+02   0.0000E+00   0.0000E+00
   0.5350E+02   0.0000E+00   0.0000E+00
   0.5400E+02   0.0000E+00   0.0000E+00
   0.5450E+02   0.0000E+00   0.0000E+00
   0.5500E+02   0.0000E+00   0.0000E+00
   0.5550E+02   0.0000E+00   0.0000E+00
   0.5600E+02   0.0000E+00   0.0000E+00
   0.5650E+02   0.0000E+00   0.0000E+00
   0.5700E+02   0.0000E+00   0.0000E+00
   0.5750E+02   0.0000E+00   0.0000E+00
   0.5800E+02   0.0000E+00   0.0000E+00
   0.5850E+02   0.0000E+00   0.0000E+00
   0.5900E+02   0.0000E+00   0.0000E+00
   0.5950E+02   0.0000E+00   0.0000E+00
   0.6000E+02   0.0000E+00   0.0000E+00
   0.6050E+02   0.0000E+00   0.0000E+00
   0.6100E+02   0.0000E+00   0.0000E+00
   0.6150E+02   0.0000E+00   0.0000E+00
   0.6200E+02   0.0000E+00   0.0000E+00
   0.6250E+02   0.0000E+00   0.0000E+00
   0.6300E+02   0.0000E+00   0.0000E+00
   0.6350E+02   0.0000E+00   0.0000E+00
   0.6400E+02   0.0000E+00   0.0000E+00
   0.6450E+02   0.0000E+00   0.0000E+00
   0.6500E+02   0.0000E+00   0.0000E+00
   0.6550E+02   0.0000E+00   0.0000E+00
   0.6600E+02   0.0000E+00   0.0000E+00
   0.6650E+02   0.0000E+00   0.0000E+00
   0.6700E+02   0.0000E+00   0.0000E+00
   0.6750E+02   0.0000E+00   0.0000E+00
   0.6800E+02   0.0000E+00   0.0000E+00
   0.6850E+02   0.0000E+00   0.0000E+00
   0.6900E+02   0.0000E+00   0.0000E+00
   0.6950E+02   0.0000E+00   0.0000E+00
   0.7000E+02   0.0000E+00   0.0000E+00
   0.7050E+02   0.0000E+00   0.0000E+00
   0.7100E+02   0.0000E+00   0.0000E+00
   0.7150E+02   0.0000E+00   0.0000E+00
   0.7200E+02   0.0000E+00   0.0000E+00
   0.7250E+02   0.0000E+00   0.0000E+00
   0.7300E+02   0.0000E+00   0.0000E+00
   0.7350E+02   0.0000E+00   0.0000E+00
   0.7400E+02   0.0000E+00   0.0000E+00
   0.7450E+02   0.0000E+00   0.0000E+00
   0.7500E+02   0.0000E+00   0.0000E+00
   0.7550E+02   0.0000E+00   0.0000E+00
   0.7600E+02   0.0000E+00   0.0000E+00
   0.7650E+02   0.0000E+00   0.0000E+00
   0.7700E+02   0.0000E+00   0.0000E+00
   0.7750E+02   0.0000E+00   0.0000E+00
   0.7800E+02   0.0000E+00   0.0000E+00
   0.7850E+02   0.0000E+00   0.0000E+00
   0.7900E+02   0.0000E+00   0.0000E+00
   0.7950E+02   0.0000E+00   0.0000E+00
   0.8000E+02   0.0000E+00   0.0000E+00
   0.8050E+02   0.0000E+00   0.0000E+00
   0.8100E+02   0.0000E+00   0.0000E+00
   0.8150E+02   0.0000E+00   0.0000E+00
   0.8200E+02   0.0000E+00   0.0000E+00
   0.8250E+02   0.0000E+00   0.0000E+00
   0.8300E+02   0.0000E+00   0.0000E+00
   0.8350E+02   0.0000E+00   0.0000E+00
   0.8400E+02   0.0000E+00   0.0000E+00
   0.8450E+02   0.0000E+00   0.0000E+00
   0.8500E+02   0.0000E+00   0.0000E+00
   0.8550E+02   0.0000E+00   0.0000E+00
   0.8600E+02   0.0000E+00   0.0000E+00
   0.8650E+02   0.0000E+00   0.0000E+00
   0.8700E+02   0.0000E+00   0.0000E+00
   0.8750E+02   0.0000E+00   0.0000E+00
   0.8800E+02   0.0000E+00   0.0000E+00
   0.8850E+02   0.0000E+00   0.0000E+00
   0.8900E+02   0.0000E+00   0.0000E+00
   0.8950E+02   0.0000E+00   0.0000E+00
   0.9000E+02   0.0000E+00   0.0000E+00
   0.9050E+02   0.0000E+00   0.0000E+00
   0.9100E+02   0.0000E+00   0.0000E+00
   0.9150E+02   0.0000E+00   0.0000E+00
   0.9200E+02   0.0000E+00   0.0000E+00
   0.9250E+02   0.0000E+00   0.0000E+00
   0.9300E+02   0.0000E+00   0.0000E+00
   0.9350E+02   0.0000E+00   0.0000E+00
   0.9400E+02   0.0000E+00   0.0000E+00
   0.9450E+02   0.0000E+00   0.0000E+00
   0.9500E+02   0.0000E+00   0.0000E+00
   0.9550E+02   0.0000E+00   0.0000E+00
   0.9600E+02   0.0000E+00   0.0000E+00
   0.9650E+02   0.0000E+00   0.0000E+00
   0.9700E+02   0.0000E+00   0.0000E+00
   0.9750E+02   0.0000E+00   0.0000E+00
   0.9800E+02   0.0000E+00   0.0000E+00
   0.9850E+02   0.0000E+00   0.0000E+00
   0.9900E+02   0.0000E+00   0.0000E+00
   0.9950E+02   0.0000E+00   0.0000E+00
   0.1000E+03   0.0000E+00   0.0000E+00
   0.1050E+03   0.0000E+00   0.0000E+00
   0.1100E+03   0.0000E+00   0.0000E+00
   0.1150E+03   0.0000E+00   0.0000E+00
   0.1200E+03   0.0000E+00   0.0000E+00
   0.1250E+03   0.0000E+00   0.0000E+00
   0.1300E+03   0.0000E+00   0.0000E+00
   0.1350E+03   0.0000E+00   0.0000E+00
   0.1400E+03   0.0000E+00   0.0000E+00
   0.1450E+03   0.0000E+00   0.0000E+00
   0.1500E+03   0.0000E+00   0.0000E+00
   0.1550E+03   0.0000E+00   0.0000E+00
   0.1600E+03   0.0000E+00   0.0000E+00
   0.1650E+03   0.0000E+00   0.0000E+00
   0.1700E+03   0.0000E+00   0.0000E+00
   0.1750E+03   0.0000E+00   0.0000E+00
   0.1800E+03   0.0000E+00   0.0000E+00
   0.1850E+03   0.0000E+00   0.0000E+00
   0.1900E+03   0.0000E+00   0.0000E+00
   0.1950E+03   0.0000E+00   0.0000E+00
   0.2000E+03   0.0000E+00   0.0000E+00
   0.2050E+03   0.0000E+00   0.0000E+00
   0.2100E+03   0.0000E+00   0.0000E+00
   0.2150E+03   0.0000E+00   0.0000E+00
   0.2200E+03   0.0000E+00   0.0000E+00
   0.2250E+03   0.0000E+00   0.0000E+00
   0.2300E+03   0.0000E+00   0.0000E+00
   0.2350E+03   0.0000E+00   0.0000E+00
   0.2400E+03   0.0000E+00   0.0000E+00
   0.2450E+03   0.0000E+00   0.0000E+00
   0.2500E+03   0.0000E+00   0.0000E+00
   0.2550E+03   0.0000E+00   0.0000E+00
   0.2600E+03   0.0000E+00   0.0000E+00
   0.2650E+03   0.0000E+00   0.0000E+00
   0.2700E+03   0.0000E+00   0.0000E+00
   0.2750E+03   0.0000E+00   0.0000E+00
   0.2800E+03   0.0000E+00   0.0000E+00
   0.2850E+03   0.0000E+00   0.0000E+00
   0.2900E+03   0.0000E+00   0.0000E+00
   0.2950E+03   0.0000E+00   0.0000E+00
   0.3000E+03   0.0000E+00   0.0000E+00
   0.3050E+03   0.0000E+00   0.0000E+00
   0.3100E+03   0.0000E+00   0.0000E+00
   0.3150E+03   0.0000E+00   0.0000E+00
   0.3200E+03   0.0000E+00   0.0000E+00
   0.3250E+03   0.0000E+00   0.0000E+00
   0.3300E+03   0.0000E+00   0.0000E+00
   0.3350E+03   0.0000E+00   0.0000E+00
   0.3400E+03   0.0000E+00   0.0000E+00
   0.3450E+03   0.0000E+00   0.0000E+00
   0.3500E+03   0.0000E+00   0.0000E+00
   0.3550E+03   0.0000E+00   0.0000E+00
   0.3600E+03   0.0000E+00   0.0000E+00
   0.3650E+03   0.0000E+00   0.0000E+00
   0.3700E+03   0.0000E+00   0.0000E+00
   0.3750E+03   0.0000E+00   0.0000E+00
   0.3800E+03   0.0000E+00   0.0000E+00
   0.3850E+03   0.0000E+00   0.0000E+00
   0.3900E+03   0.0000E+00   0.0000E+00
   0.3950E+03   0.0000E+00   0.0000E+00
   0.4000E+03   0.0000E+00   0.0000E+00
   0.4050E+03   0.0000E+00   0.0000E+00
   0.4100E+03   0.0000E+00   0.0000E+00
   0.4150E+03   0.0000E+00   0.0000E+00
   0.4200E+03   0.0000E+00   0.0000E+00
   0.4250E+03   0.0000E+00   0.0000E+00
   0.4300E+03   0.0000E+00   0.0000E+00
   0.4350E+03   0.0000E+00   0.0000E+00
   0.4400E+03   0.0000E+00   0.0000E+00
   0.4450E+03   0.0000E+00   0.0000E+00
   0.4500E+03   0.0000E+00   0.0000E+00
   0.4550E+03   0.0000E+00   0.0000E+00
   0.4600E+03   0.0000E+00   0.0000E+00
   0.4650E+03   0.0000E+00   0.0000E+00
   0.4700E+03   0.0000E+00   0.0000E+00
   0.4750E+03   0.0000E+00   0.0000E+00
   0.4800E+03   0.0000E+00   0.0000E+00
   0.4850E+03   0.0000E+00   0.0000E+00
   0.4900E+03   0.0000E+00   0.0000E+00
   0.4950E+03   0.0000E+00   0.0000E+00
   0.5000E+03   0.0000E+00   0.0000E+00
   0.5050E+03   0.0000E+00   0.0000E+00
   0.5100E+03   0.0000E+00   0.0000E+00
   0.5150E+03   0.0000E+00   0.0000E+00
   0.5200E+03   0.0000E+00   0.0000E+00
   0.5250E+03   0.0000E+00   0.0000E+00
   0.5300E+03   0.0000E+00   0.0000E+00
   0.5350E+03   0.0000E+00   0.0000E+00
   0.5400E+03   0.0000E+00   0.0000E+00
   0.5450E+03   0.0000E+00   0.0000E+00
   0.5500E+03   0.0000E+00   0.0000E+00
   0.5550E+03   0.0000E+00   0.0000E+00
   0.5600E+03   0.0000E+00   0.0000E+00
   0.5650E+03   0.0000E+00   0.0000E+00
   0.5700E+03   0.0000E+00   0.0000E+00
   0.5750E+03   0.0000E+00   0.0000E+00
   0.5800E+03   0.0000E+00   0.0000E+00
   0.5850E+03   0.0000E+00   0.0000E+00
   0.5900E+03   0.0000E+00   0.0000E+00
   0.5950E+03   0.0000E+00   0.0000E+00
   0.6000E+03   0.0000E+00   0.0000E+00
   0.6050E+03   0.0000E+00   0.0000E+00
   0.6100E+03   0.0000E+00   0.0000E+00
   0.6150E+03   0.0000E+00   0.0000E+00
   0.6200E+03   0.0000E+00   0.0000E+00
   0.6250E+03   0.0000E+00   0.0000E+00
   0.6300E+03   0.0000E+00   0.0000E+00
   0.6350E+03   0.0000E+00   0.0000E+00
   0.6400E+03   0.0000E+00   0.0000E+00
   0.6450E+03   0.0000E+00   0.0000E+00
   0.6500E+03   0.0000E+00   0.0000E+00
   0.6550E+03   0.0000E+00   0.0000E+00
   0.6600E+03   0.0000E+00   0.0000E+00
   0.6650E+03   0.0000E+00   0.0000E+00
   0.6700E+03   0.0000E+00   0.0000E+00
   0.6750E+03   0.0000E+00   0.0000E+00
   0.6800E+03   0.0000E+00   0.0000E+00
   0.6850E+03   0.0000E+00   0.0000E+00
   0.6900E+03   0.0000E+00   0.0000E+00
   0.6950E+03   0.0000E+00   0.0000E+00
   0.7000E+03   0.0000E+00   0.0000E+00
   0.7050E+03   0.0000E+00   0.0000E+00
   0.7100E+03   0.0000E+00   0.0000E+00
   0.7150E+03   0.0000E+00   0.0000E+00
   0.7200E+03   0.0000E+00   0.0000E+00
   0.7250E+03   0.0000E+00   0.0000E+00
   0.7300E+03   0.0000E+00   0.0000E+00
   0.7350E+03   0.0000E+00   0.0000E+00
   0.7400E+03   0.0000E+00   0.0000E+00
   0.7450E+03   0.0000E+00   0.0000E+00
   0.7500E+03   0.0000E+00   0.0000E+00
   0.7550E+03   0.0000E+00   0.0000E+00
   0.7600E+03   0.0000E+00   0.0000E+00
   0.7650E+03   0.0000E+00   0.0000E+00
   0.7700E+03   0.0000E+00   0.0000E+00
   0.7750E+03   0.0000E+00   0.0000E+00
   0.7800E+03   0.0000E+00   0.0000E+00
   0.7850E+03   0.0000E+00   0.0000E+00
   0.7900E+03   0.0000E+00   0.0000E+00
   0.7950E+03   0.0000E+00   0.0000E+00
   0.8000E+03   0.0000E+00   0.0000E+00
   0.8050E+03   0.0000E+00   0.0000E+00
   0.8100E+03   0.0000E+00   0.0000E+00
   0.8150E+03   0.0000E+00   0.0000E+00
   0.8200E+03   0.0000E+00   0.0000E+00
   0.8250E+03   0.0000E+00   0.0000E+00
   0.8300E+03   0.0000E+00   0.0000E+00
   0.8350E+03   0.0000E+00   0.0000E+00
   0.8400E+03   0.0000E+00   0.0000E+00
   0.8450E+03   0.0000E+00   0.0000E+00
   0.8500E+03   0.0000E+00   0.0000E+00
   0.8550E+03   0.0000E+00   0.0000E+00
   0.8600E+03   0.0000E+00   0.0000E+00
   0.8650E+03   0.0000E+00   0.0000E+00
   0.8700E+03   0.0000E+00   0.0000E+00
   0.8750E+03   0.0000E+00   0.0000E+00
   0.8800E+03   0.0000E+00   0.0000E+00
   0.8850E+03   0.0000E+00   0.0000E+00
   0.8900E+03   0.0000E+00   0.0000E+00
   0.8950E+03   0.0000E+00   0.0000E+00
   0.9000E+03   0.0000E+00   0.0000E+00
   0.9050E+03   0.0000E+00   0.0000E+00
   0.9100E+03   0.0000E+00   0.0000E+00
   0.9150E+03   0.0000E+00   0.0000E+00
   0.9200E+03   0.0000E+00   0.0000E+00
   0.9250E+03   0.0000E+00   0.0000E+00
   0.9300E+03   0.0000E+00   0.0000E+00
   0.9350E+03   0.0000E+00   0.0000E+00
   0.9400E+03   0.0000E+00   0.0000E+00
   0.9450E+03   0.0000E+00   0.0000E+00
   0.9500E+03   0.0000E+00   0.0000E+00
   0.9550E+03   0.0000E+00   0.0000E+00
   0.9600E+03   0.0000E+00   0.0000E+00
   0.9650E+03   0.0000E+00   0.0000E+00
   0.9700E+03   0.0000E+00   0.0000E+00
   0.9750E+03   0.0000E+00   0.0000E+00
   0.9800E+03   0.0000E+00   0.0000E+00
   0.9850E+03   0.0000E+00   0.0000E+00
   0.9900E+03   0.0000E+00   0.0000E+00
   0.9950E+03   0.0000E+00   0.0000E+00
   0.1000E+04   0.0000E+00   0.0000E+00
   0.1020E+04   0.0000E+00   0.0000E+00
   0.1040E+04   0.0000E+00   0.0000E+00
   0.1060E+04   0.0000E+00   0.0000E+00
   0.1080E+04   0.0000E+00   0.0000E+00
   0.1100E+04   0.0000E+00   0.0000E+00
   0.1120E+04   0.0000E+00   0.0000E+00
   0.1140E+04   0.0000E+00   0.0000E+00
   0.1160E+04   0.0000E+00   0.0000E+00
   0.1180E+04   0.0000E+00   0.0000E+00
   0.1200E+04   0.0000E+00   0.0000E+00
   0.1220E+04   0.0000E+00   0.0000E+00
   0.1240E+04   0.0000E+00   0.0000E+00
   0.1260E+04   0.0000E+00   0.0000E+00
   0.1280E+04   0.0000E+00   0.0000E+00
   0.1300E+04   0.0000E+00   0.0000E+00
   0.1320E+04   0.0000E+00   0.0000E+00
   0.1340E+04   0.0000E+00   0.0000E+00
   0.1360E+04   0.0000E+00   0.0000E+00
   0.1380E+04   0.0000E+00   0.0000E+00
   0.1400E+04   0.0000E+00   0.0000E+00
   0.1420E+04   0.0000E+00   0.0000E+00
   0.1440E+04   0.0000E+00   0.0000E+00
   0.1460E+04   0.0000E+00   0.0000E+00
   0.1480E+04   0.0000E+00   0.0000E+00
   0.1500E+04   0.0000E+00   0.0000E+00
   0.1520E+04   0.0000E+00   0.0000E+00
   0.1540E+04   0.0000E+00   0.0000E+00
   0.1560E+04   0.0000E+00   0.0000E+00
   0.1580E+04   0.0000E+00   0.0000E+00
   0.1600E+04   0.0000E+00   0.0000E+00
   0.1620E+04   0.0000E+00   0.0000E+00
   0.1640E+04   0.0000E+00   0.0000E+00
   0.1660E+04   0.0000E+00   0.0000E+00
   0.1680E+04   0.0000E+00   0.0000E+00
   0.1700E+04   0.0000E+00   0.0000E+00
   0.1720E+04   0.0000E+00   0.0000E+00
   0.1740E+04   0.0000E+00   0.0000E+00
   0.1760E+04   0.0000E+00   0.0000E+00
   0.1780E+04   0.0000E+00   0.0000E+00
   0.1800E+04   0.0000E+00   0.0000E+00
   0.1820E+04   0.0000E+00   0.0000E+00
   0.1840E+04   0.0000E+00   0.0000E+00
   0.1860E+04   0.0000E+00   0.0000E+00
   0.1880E+04   0.0000E+00   0.0000E+00
   0.1900E+04   0.0000E+00   0.0000E+00
   0.1920E+04   0.0000E+00   0.0000E+00
   0.1940E+04   0.0000E+00   0.0000E+00
   0.1960E+04   0.0000E+00   0.0000E+00
   0.1980E+04   0.0000E+00   0.0000E+00
   0.2000E+04   0.0000E+00   0.0000E+00
   0.2020E+04   0.0000E+00   0.0000E+00
   0.2040E+04   0.0000E+00   0.0000E+00
   0.2060E+04   0.0000E+00   0.0000E+00
   0.2080E+04   0.0000E+00   0.0000E+00
   0.2100E+04   0.0000E+00   0.0000E+00
   0.2120E+04   0.0000E+00   0.0000E+00
   0.2140E+04   0.0000E+00   0.0000E+00
   0.2160E+04   0.0000E+00   0.0000E+00
   0.2180E+04   0.0000E+00   0.0000E+00
   0.2200E+04   0.0000E+00   0.0000E+00
   0.2220E+04   0.0000E+00   0.0000E+00
   0.2240E+04   0.0000E+00   0.0000E+00
   0.2260E+04   0.0000E+00   0.0000E+00
   0.2280E+04   0.0000E+00   0.0000E+00
   0.2300E+04   0.0000E+00   0.0000E+00
   0.2320E+04   0.0000E+00   0.0000E+00
   0.2340E+04   0.0000E+00   0.0000E+00
   0.2360E+04   0.0000E+00   0.0000E+00
   0.2380E+04   0.0000E+00   0.0000E+00
   0.2400E+04   0.0000E+00   0.0000E+00
   0.2420E+04   0.0000E+00   0.0000E+00
   0.2440E+04   0.0000E+00   0.0000E+00
   0.2460E+04   0.0000E+00   0.0000E+00
   0.2480E+04   0.0000E+00   0.0000E+00
   0.2500E+04   0.0000E+00   0.0000E+00
   0.2520E+04   0.0000E+00   0.0000E+00
   0.2540E+04   0.0000E+00   0.0000E+00
   0.2560E+04   0.0000E+00   0.0000E+00
   0.2580E+04   0.0000E+00   0.0000E+00
   0.2600E+04   0.0000E+00   0.0000E+00
   0.2620E+04   0.0000E+00   0.0000E+00
   0.2640E+04   0.0000E+00   0.0000E+00
   0.2660E+04   0.0000E+00   0.0000E+00
   0.2680E+04   0.0000E+00   0.0000E+00
   0.2700E+04   0.0000E+00   0.0000E+00
   0.2720E+04   0.0000E+00   0.0000E+00
   0.2740E+04   0.0000E+00   0.0000E+00
   0.2760E+04   0.0000E+00   0.0000E+00
   0.2780E+04   0.0000E+00   0.0000E+00
   0.2800E+04   0.0000E+00   0.0000E+00
   0.2820E+04   0.0000E+00   0.0000E+00
   0.2840E+04   0.0000E+00   0.0000E+00
   0.2860E+04   0.0000E+00   0.0000E+00
   0.2880E+04   0.0000E+00   0.0000E+00
   0.2900E+04   0.0000E+00   0.0000E+00
   0.2920E+04   0.0000E+00   0.0000E+00
   0.2940E+04   0.0000E+00   0.0000E+00
   0.2960E+04   0.0000E+00   0.0000E+00
   0.2980E+04   0.0000E+00   0.0000E+00
   0.3000E+04   0.0000E+00   0.0000E+00
   0.3020E+04   0.0000E+00   0.0000E+00
   0.3040E+04   0.0000E+00   0.0000E+00
   0.3060E+04   0.0000E+00   0.0000E+00
   0.3080E+04   0.0000E+00   0.0000E+00
   0.3100E+04   0.0000E+00   0.0000E+00
   0.3120E+04   0.0000E+00   0.0000E+00
   0.3140E+04   0.0000E+00   0.0000E+00
   0.3160E+04   0.0000E+00   0.0000E+00
   0.3180E+04   0.0000E+00   0.0000E+00
   0.3200E+04   0.0000E+00   0.0000E+00
   0.3220E+04   0.0000E+00   0.0000E+00
   0.3240E+04   0.0000E+00   0.0000E+00
   0.3260E+04   0.0000E+00   0.0000E+00
   0.3280E+04   0.0000E+00   0.0000E+00
   0.3300E+04   0.0000E+00   0.0000E+00
   0.3320E+04   0.0000E+00   0.0000E+00
   0.3340E+04   0.0000E+00   0.0000E+00
   0.3360E+04   0.0000E+00   0.0000E+00
   0.3380E+04   0.0000E+00   0.0000E+00
   0.3400E+04   0.0000E+00   0.0000E+00
   0.3420E+04   0.0000E+00   0.0000E+00
   0.3440E+04   0.0000E+00   0.0000E+00
   0.3460E+04   0.0000E+00   0.0000E+00
   0.3480E+04   0.0000E+00   0.0000E+00
   0.3500E+04   0.0000E+00   0.0000E+00
   0.3520E+04   0.0000E+00   0.0000E+00
   0.3540E+04   0.0000E+00   0.0000E+00
   0.3560E+04   0.0000E+00   0.0000E+00
   0.3580E+04   0.0000E+00   0.0000E+00
   0.3600E+04   0.0000E+00   0.0000E+00
   0.3620E+04   0.0000E+00   0.0000E+00
   0.3640E+04   0.0000E+00   0.0000E+00
   0.3660E+04   0.0000E+00   0.0000E+00
   0.3680E+04   0.0000E+00   0.0000E+00
   0.3700E+04   0.0000E+00   0.0000E+00
   0.3720E+04   0.0000E+00   0.0000E+00
   0.3740E+04   0.0000E+00   0.0000E+00
   0.3760E+04   0.0000E+00   0.0000E+00
   0.3780E+04   0.0000E+00   0.0000E+00
   0.3800E+04   0.0000E+00   0.0000E+00
   0.3820E+04   0.0000E+00   0.0000E+00
   0.3840E+04   0.0000E+00   0.0000E+00
   0.3860E+04   0.0000E+00   0.0000E+00
   0.3880E+04   0.0000E+00   0.0000E+00
   0.3900E+04   0.0000E+00   0.0000E+00
   0.3920E+04   0.0000E+00   0.0000E+00
   0.3940E+04   0.0000E+00   0.0000E+00
   0.3960E+04   0.0000E+00   0.0000E+00
   0.3980E+04   0.0000E+00   0.0000E+00
   0.4000E+04   0.0000E+00   0.0000E+00
   0.4040E+04   0.0000E+00   0.0000E+00
   0.4080E+04   0.0000E+00   0.0000E+00
   0.4120E+04   0.0000E+00   0.0000E+00
   0.4160E+04   0.0000E+00   0.0000E+00
   0.4200E+04   0.0000E+00   0.0000E+00
   0.4240E+04   0.0000E+00   0.0000E+00
   0.4280E+04   0.0000E+00   0.0000E+00
   0.4320E+04   0.0000E+00   0.0000E+00
   0.4360E+04   0.0000E+00   0.0000E+00
   0.4400E+04   0.0000E+00   0.0000E+00
   0.4440E+04   0.0000E+00   0.0000E+00
   0.4480E+04   0.0000E+00   0.0000E+00
   0.4520E+04   0.0000E+00   0.0000E+00
   0.4560E+04   0.0000E+00   0.0000E+00
   0.4600E+04   0.0000E+00   0.0000E+00
   0.4640E+04   0.0000E+00   0.0000E+00
   0.4680E+04   0.0000E+00   0.0000E+00
   0.4720E+04   0.0000E+00   0.0000E+00
   0.4760E+04   0.0000E+00   0.0000E+00
   0.4800E+04   0.0000E+00   0.0000E+00
   0.4840E+04   0.0000E+00   0.0000E+00
   0.4880E+04   0.0000E+00   0.0000E+00
   0.4920E+04   0.0000E+00   0.0000E+00
   0.4960E+04   0.0000E+00   0.0000E+00
   0.5000E+04   0.0000E+00   0.0000E+00
   0.5040E+04   0.0000E+00   0.0000E+00
   0.5080E+04   0.0000E+00   0.0000E+00
   0.5120E+04   0.0000E+00   0.0000E+00
   0.5160E+04   0.0000E+00   0.0000E+00
   0.5200E+04   0.0000E+00   0.0000E+00
   0.5240E+04   0.0000E+00   0.0000E+00
   0.5280E+04   0.0000E+00   0.0000E+00
   0.5320E+04   0.0000E+00   0.0000E+00
   0.5360E+04   0.0000E+00   0.0000E+00
   0.5400E+04   0.0000E+00   0.0000E+00
   0.5440E+04   0.0000E+00   0.0000E+00
   0.5480E+04   0.0000E+00   0.0000E+00
   0.5520E+04   0.0000E+00   0.0000E+00
   0.5560E+04   0.0000E+00   0.0000E+00
   0.5600E+04   0.0000E+00   0.0000E+00
   0.5640E+04   0.0000E+00   0.0000E+00
   0.5680E+04   0.0000E+00   0.0000E+00
   0.5720E+04   0.0000E+00   0.0000E+00
   0.5760E+04   0.0000E+00   0.0000E+00
   0.5800E+04   0.0000E+00   0.0000E+00
   0.5840E+04   0.0000E+00   0.0000E+00
   0.5880E+04   0.0000E+00   0.0000E+00
   0.5920E+04   0.0000E+00   0.0000E+00
   0.5960E+04   0.0000E+00   0.0000E+00
   0.6000E+04   0.0000E+00   0.0000E+00
   0.6040E+04   0.0000E+00   0.0000E+00
   0.6080E+04   0.0000E+00   0.0000E+00
   0.6120E+04   0.0000E+00   0.0000E+00
   0.6160E+04   0.0000E+00   0.0000E+00
   0.6200E+04   0.0000E+00   0.0000E+00
   0.6240E+04   0.0000E+00   0.0000E+00
   0.6280E+04   0.0000E+00   0.0000E+00
   0.6320E+04   0.0000E+00   0.0000E+00
   0.6360E+04   0.0000E+00   0.0000E+00
   0.6400E+04   0.0000E+00   0.0000E+00
   0.6440E+04   0.0000E+00   0.0000E+00
   0.6480E+04   0.0000E+00   0.0000E+00
   0.6520E+04   0.0000E+00   0.0000E+00
   0.6560E+04   0.0000E+00   0.0000E+00
   0.6600E+04   0.0000E+00   0.0000E+00
   0.6640E+04   0.0000E+00   0.0000E+00
   0.6680E+04   0.0000E+00   0.0000E+00
   0.6720E+04   0.0000E+00   0.0000E+00
   0.6760E+04   0.0000E+00   0.0000E+00
   0.6800E+04   0.0000E+00   0.0000E+00
   0.6840E+04   0.0000E+00   0.0000E+00
   0.6880E+04   0.0000E+00   0.0000E+00
   0.6920E+04   0.0000E+00   0.0000E+00
   0.6960E+04   0.0000E+00   0.0000E+00
   0.7000E+04   0.0000E+00   0.0000E+00
   0.7040E+04   0.0000E+00   0.0000E+00
   0.7080E+04   0.0000E+00   0.0000E+00
   0.7120E+04   0.0000E+00   0.0000E+00
   0.7160E+04   0.0000E+00   0.0000E+00
   0.7200E+04   0.0000E+00   0.0000E+00
   0.7240E+04   0.0000E+00   0.0000E+00
   0.7280E+04   0.0000E+00   0.0000E+00
   0.7320E+04   0.0000E+00   0.0000E+00
   0.7360E+04   0.0000E+00   0.0000E+00
   0.7400E+04   0.0000E+00   0.0000E+00
   0.7440E+04   0.0000E+00   0.0000E+00
   0.7480E+04   0.0000E+00   0.0000E+00
   0.7520E+04   0.0000E+00   0.0000E+00
   0.7560E+04   0.0000E+00   0.0000E+00
   0.7600E+04   0.0000E+00   0.0000E+00
   0.7640E+04   0.0000E+00   0.0000E+00
   0.7680E+04   0.0000E+00   0.0000E+00
   0.7720E+04   0.0000E+00   0.0000E+00
   0.7760E+04   0.0000E+00   0.0000E+00
   0.7800E+04   0.0000E+00   0.0000E+00
   0.7840E+04   0.0000E+00   0.0000E+00
   0.7880E+04   0.0000E+00   0.0000E+00
   0.7920E+04   0.0000E+00   0.0000E+00
   0.7960E+04   0.0000E+00   0.0000E+00
   0.8000E+04   0.0000E+00   0.0000E+00
   0.8040E+04   0.0000E+00   0.0000E+00
   0.8080E+04   0.0000E+00   0.0000E+00
   0.8120E+04   0.0000E+00   0.0000E+00
   0.8160E+04   0.0000E+00   0.0000E+00
   0.8200E+04   0.0000E+00   0.0000E+00
   0.8240E+04   0.0000E+00   0.0000E+00
   0.8280E+04   0.0000E+00   0.0000E+00
   0.8320E+04   0.0000E+00   0.0000E+00
   0.8360E+04   0.0000E+00   0.0000E+00
   0.8400E+04   0.0000E+00   0.0000E+00
   0.8440E+04   0.0000E+00   0.0000E+00
   0.8480E+04   0.0000E+00   0.0000E+00
   0.8520E+04   0.0000E+00   0.0000E+00
   0.8560E+04   0.0000E+00   0.0000E+00
   0.8600E+04   0.0000E+00   0.0000E+00
   0.8640E+04   0.0000E+00   0.0000E+00
   0.8680E+04   0.0000E+00   0.0000E+00
   0.8720E+04   0.0000E+00   0.0000E+00
   0.8760E+04   0.0000E+00   0.0000E+00
   0.8800E+04   0.0000E+00   0.0000E+00
   0.8840E+04   0.0000E+00   0.0000E+00
   0.8880E+04   0.0000E+00   0.0000E+00
   0.8920E+04   0.0000E+00   0.0000E+00
   0.8960E+04   0.0000E+00   0.0000E+00
   0.9000E+04   0.0000E+00   0.0000E+00
   0.9040E+04   0.0000E+00   0.0000E+00
   0.9080E+04   0.0000E+00   0.0000E+00
   0.9120E+04   0.0000E+00   0.0000E+00
   0.9160E+04   0.0000E+00   0.0000E+00
   0.9200E+04   0.0000E+00   0.0000E+00
   0.9240E+04   0.0000E+00   0.0000E+00
   0.9280E+04   0.0000E+00   0.0000E+00
   0.9320E+04   0.0000E+00   0.0000E+00
   0.9360E+04   0.0000E+00   0.0000E+00
   0.9400E+04   0.0000E+00   0.0000E+00
   0.9440E+04   0.0000E+00   0.0000E+00
   0.9480E+04   0.0000E+00   0.0000E+00
   0.9520E+04   0.0000E+00   0.0000E+00
   0.9560E+04   0.0000E+00   0.0000E+00
   0.9600E+04   0.0000E+00   0.0000E+00
   0.9640E+04   0.0000E+00   0.0000E+00
   0.9680E+04   0.0000E+00   0.0000E+00
   0.9720E+04   0.0000E+00   0.0000E+00
   0.9760E+04   0.0000E+00   0.0000E+00
   0.9800E+04   0.0000E+00   0.0000E+00
   0.9840E+04   0.0000E+00   0.0000E+00
   0.9880E+04   0.0000E+00   0.0000E+00
   0.9920E+04   0.0000E+00   0.0000E+00
   0.9960E+04   0.0000E+00   0.0000E+00
   0.1000E+05   0.0000E+00   0.0000E+00
   0.1010E+05   0.0000E+00   0.0000E+00
   0.1020E+05   0.0000E+00   0.0000E+00
   0.1030E+05   0.0000E+00   0.0000E+00
   0.1040E+05   0.0000E+00   0.0000E+00
   0.1050E+05   0.0000E+00   0.0000E+00
   0.1060E+05   0.0000E+00   0.0000E+00
   0.1070E+05   0.0000E+00   0.0000E+00
   0.1080E+05   0.0000E+00   0.0000E+00
   0.1090E+05   0.0000E+00   0.0000E+00
   0.1100E+05   0.0000E+00   0.0000E+00
   0.1110E+05   0.0000E+00   0.0000E+00
   0.1120E+05   0.0000E+00   0.0000E+00
   0.1130E+05   0.0000E+00   0.0000E+00
   0.1140E+05   0.0000E+00   0.0000E+00
   0.1150E+05   0.0000E+00   0.0000E+00
   0.1160E+05   0.0000E+00   0.0000E+00
   0.1170E+05   0.0000E+00   0.0000E+00
   0.1180E+05   0.0000E+00   0.0000E+00
   0.1190E+05   0.0000E+00   0.0000E+00
   0.1200E+05   0.0000E+00   0.0000E+00
   0.1210E+05   0.0000E+00   0.0000E+00
   0.1220E+05   0.0000E+00   0.0000E+00
   0.1230E+05   0.0000E+00   0.0000E+00
   0.1240E+05   0.0000E+00   0.0000E+00
   0.1250E+05   0.0000E+00   0.0000E+00
   0.1260E+05   0.0000E+00   0.0000E+00
   0.1270E+05   0.0000E+00   0.0000E+00
   0.1280E+05   0.0000E+00   0.0000E+00
   0.1290E+05   0.0000E+00   0.0000E+00
   0.1300E+05   0.0000E+00   0.0000E+00
   0.1310E+05   0.0000E+00   0.0000E+00
   0.1320E+05   0.0000E+00   0.0000E+00
   0.1330E+05   0.0000E+00   0.0000E+00
   0.1340E+05   0.0000E+00   0.0000E+00
   0.1350E+05   0.0000E+00   0.0000E+00
   0.1360E+05   0.0000E+00   0.0000E+00
   0.1370E+05   0.0000E+00   0.0000E+00
   0.1380E+05   0.0000E+00   0.0000E+00
   0.1390E+05   0.0000E+00   0.0000E+00
   0.1400E+05   0.0000E+00   0.0000E+00
   0.1410E+05   0.0000E+00   0.0000E+00
   0.1420E+05   0.0000E+00   0.0000E+00
   0.1430E+05   0.0000E+00   0.0000E+00
   0.1440E+05   0.0000E+00   0.0000E+00
   0.1450E+05   0.0000E+00   0.0000E+00
   0.1460E+05   0.0000E+00   0.0000E+00
   0.1470E+05   0.0000E+00   0.0000E+00
   0.1480E+05   0.0000E+00   0.0000E+00
   0.1490E+05   0.0000E+00   0.0000E+00
   0.1500E+05   0.0000E+00   0.0000E+00
   0.1510E+05   0.0000E+00   0.0000E+00
   0.1520E+05   0.0000E+00   0.0000E+00
   0.1530E+05   0.0000E+00   0.0000E+00
   0.1540E+05   0.0000E+00   0.0000E+00
   0.1550E+05   0.0000E+00   0.0000E+00
   0.1560E+05   0.0000E+00   0.0000E+00
   0.1570E+05   0.0000E+00   0.0000E+00
   0.1580E+05   0.0000E+00   0.0000E+00
   0.1590E+05   0.0000E+00   0.0000E+00
   0.1600E+05   0.0000E+00   0.0000E+00
   0.1610E+05   0.0000E+00   0.0000E+00
   0.1620E+05   0.0000E+00   0.0000E+00
   0.1630E+05   0.0000E+00   0.0000E+00
   0.1640E+05   0.0000E+00   0.0000E+00
   0.1650E+05   0.0000E+00   0.0000E+00
   0.1660E+05   0.0000E+00   0.0000E+00
   0.1670E+05   0.0000E+00   0.0000E+00
   0.1680E+05   0.0000E+00   0.0000E+00
   0.1690E+05   0.0000E+00   0.0000E+00
   0.1700E+05   0.0000E+00   0.0000E+00
   0.1710E+05   0.0000E+00   0.0000E+00
   0.1720E+05   0.0000E+00   0.0000E+00
   0.1730E+05   0.0000E+00   0.0000E+00
   0.1740E+05   0.0000E+00   0.0000E+00
   0.1750E+05   0.0000E+00   0.0000E+00
   0.1760E+05   0.0000E+00   0.0000E+00
   0.1770E+05   0.0000E+00   0.0000E+00
   0.1780E+05   0.0000E+00   0.0000E+00
   0.1790E+05   0.0000E+00   0.0000E+00
   0.1800E+05   0.0000E+00   0.0000E+00
   0.1810E+05   0.0000E+00   0.0000E+00
   0.1820E+05   0.0000E+00   0.0000E+00
   0.1830E+05   0.0000E+00   0.0000E+00
   0.1840E+05   0.0000E+00   0.0000E+00
   0.1850E+05   0.0000E+00   0.0000E+00
   0.1860E+05   0.0000E+00   0.0000E+00
   0.1870E+05   0.0000E+00   0.0000E+00
   0.1880E+05   0.0000E+00   0.0000E+00
   0.1890E+05   0.0000E+00   0.0000E+00
   0.1900E+05   0.0000E+00   0.0000E+00
   0.1910E+05   0.0000E+00   0.0000E+00
   0.1920E+05   0.0000E+00   0.0000E+00
   0.1930E+05   0.0000E+00   0.0000E+00
   0.1940E+05   0.0000E+00   0.0000E+00
   0.1950E+05   0.0000E+00   0.0000E+00
   0.1960E+05   0.0000E+00   0.0000E+00
   0.1970E+05   0.0000E+00   0.0000E+00
   0.1980E+05   0.0000E+00   0.0000E+00
   0.1990E+05   0.0000E+00   0.0000E+00
   0.2000E+05   0.0000E+00   0.0000E+00
   0.2010E+05   0.0000E+00   0.0000E+00
   0.2020E+05   0.0000E+00   0.0000E+00
   0.2030E+05   0.0000E+00   0.0000E+00
   0.2040E+05   0.0000E+00   0.0000E+00
   0.2050E+05   0.0000E+00   0.0000E+00
   0.2060E+05   0.0000E+00   0.0000E+00
   0.2070E+05   0.0000E+00   0.0000E+00
   0.2080E+05   0.0000E+00   0.0000E+00
   0.2090E+05   0.0000E+00   0.0000E+00
   0.2100E+05   0.0000E+00   0.0000E+00
   0.2110E+05   0.0000E+00   0.0000E+00
   0.2120E+05   0.0000E+00   0.0000E+00
   0.2130E+05   0.0000E+00   0.0000E+00
   0.2140E+05   0.0000E+00   0.0000E+00
   0.2150E+05   0.0000E+00   0.0000E+00
   0.2160E+05   0.0000E+00   0.0000E+00
   0.2170E+05   0.0000E+00   0.0000E+00
   0.2180E+05   0.0000E+00   0.0000E+00
   0.2190E+05   0.0000E+00   0.0000E+00
   0.2200E+05   0.0000E+00   0.0000E+00
   0.2210E+05   0.0000E+00   0.0000E+00
   0.2220E+05   0.0000E+00   0.0000E+00
   0.2230E+05   0.0000E+00   0.0000E+00
   0.2240E+05   0.0000E+00   0.0000E+00
   0.2250E+05   0.0000E+00   0.0000E+00
   0.2260E+05   0.0000E+00   0.0000E+00
   0.2270E+05   0.0000E+00   0.0000E+00
   0.2280E+05   0.0000E+00   0.0000E+00
   0.2290E+05   0.0000E+00   0.0000E+00
   0.2300E+05   0.0000E+00   0.0000E+00
   0.2310E+05   0.0000E+00   0.0000E+00
   0.2320E+05   0.0000E+00   0.0000E+00
   0.2330E+05   0.0000E+00   0.0000E+00
   0.2340E+05   0.0000E+00   0.0000E+00
   0.2350E+05   0.0000E+00   0.0000E+00
   0.2360E+05   0.0000E+00   0.0000E+00
   0.2370E+05   0.0000E+00   0.0000E+00
   0.2380E+05   0.0000E+00   0.0000E+00
   0.2390E+05   0.0000E+00   0.0000E+00
   0.2400E+05   0.0000E+00   0.0000E+00
   0.2410E+05   0.0000E+00   0.0000E+00
   0.2420E+05   0.0000E+00   0.0000E+00
   0.2430E+05   0.0000E+00   0.0000E+00
   0.2440E+05   0.0000E+00   0.0000E+00
   0.2450E+05   0.0000E+00   0.0000E+00
   0.2460E+05   0.0000E+00   0.0000E+00
   0.2470E+05   0.0000E+00   0.0000E+00
   0.2480E+05   0.0000E+00   0.0000E+00
   0.2490E+05   0.0000E+00   0.0000E+00
   0.2500E+05   0.0000E+00   0.0000E+00
   0.2510E+05   0.0000E+00   0.0000E+00
   0.2520E+05   0.0000E+00   0.0000E+00
   0.2530E+05   0.0000E+00   0.0000E+00
   0.2540E+05   0.0000E+00   0.0000E+00
   0.2550E+05   0.0000E+00   0.0000E+00
   0.2560E+05   0.0000E+00   0.0000E+00
   0.2570E+05   0.0000E+00   0.0000E+00
   0.2580E+05   0.0000E+00   0.0000E+00
   0.2590E+05   0.0000E+00   0.0000E+00
   0.2600E+05   0.0000E+00   0.0000E+00
   0.2610E+05   0.0000E+00   0.0000E+00
   0.2620E+05   0.0000E+00   0.0000E+00
   0.2630E+05   0.0000E+00   0.0000E+00
   0.2640E+05   0.0000E+00   0.0000E+00
   0.2650E+05   0.0000E+00   0.0000E+00
   0.2660E+05   0.0000E+00   0.0000E+00
   0.2670E+05   0.0000E+00   0.0000E+00
   0.2680E+05   0.0000E+00   0.0000E+00
   0.2690E+05   0.0000E+00   0.0000E+00
   0.2700E+05   0.0000E+00   0.0000E+00
   0.2710E+05   0.0000E+00   0.0000E+00
   0.2720E+05   0.0000E+00   0.0000E+00
   0.2730E+05   0.0000E+00   0.0000E+00
   0.2740E+05   0.0000E+00   0.0000E+00
   0.2750E+05   0.0000E+00   0.0000E+00
   0.2760E+05   0.0000E+00   0.0000E+00
   0.2770E+05   0.0000E+00   0.0000E+00
   0.2780E+05   0.0000E+00   0.0000E+00
   0.2790E+05   0.0000E+00   0.0000E+00
   0.2800E+05   0.0000E+00   0.0000E+00
   0.2810E+05   0.0000E+00   0.0000E+00
   0.2820E+05   0.0000E+00   0.0000E+00
   0.2830E+05   0.0000E+00   0.0000E+00
   0.2840E+05   0.0000E+00   0.0000E+00
   0.2850E+05   0.0000E+00   0.0000E+00
   0.2860E+05   0.0000E+00   0.0000E+00
   0.2870E+05   0.0000E+00   0.0000E+00
   0.2880E+05   0.0000E+00   0.0000E+00
   0.2890E+05   0.0000E+00   0.0000E+00
   0.2900E+05   0.0000E+00   0.0000E+00
   0.2910E+05   0.0000E+00   0.0000E+00
   0.2920E+05   0.0000E+00   0.0000E+00
   0.2930E+05   0.0000E+00   0.0000E+00
   0.2940E+05   0.0000E+00   0.0000E+00
   0.2950E+05   0.0000E+00   0.0000E+00
   0.2960E+05   0.0000E+00   0.0000E+00
   0.2970E+05   0.0000E+00   0.0000E+00
   0.2980E+05   0.0000E+00   0.0000E+00
   0.2990E+05   0.0000E+00   0.0000E+00
   0.3000E+05   0.0000E+00   0.0000E+00
   0.3010E+05   0.0000E+00   0.0000E+00
   0.3020E+05   0.0000E+00   0.0000E+00
   0.3030E+05   0.0000E+00   0.0000E+00
   0.3040E+05   0.0000E+00   0.0000E+00
   0.3050E+05   0.0000E+00   0.0000E+00
   0.3060E+05   0.0000E+00   0.0000E+00
   0.3070E+05   0.0000E+00   0.0000E+00
   0.3080E+05   0.0000E+00   0.0000E+00
   0.3090E+05   0.0000E+00   0.0000E+00
   0.3100E+05   0.0000E+00   0.0000E+00
   0.3110E+05   0.0000E+00   0.0000E+00
   0.3120E+05   0.0000E+00   0.0000E+00
   0.3130E+05   0.0000E+00   0.0000E+00
   0.3140E+05   0.0000E+00   0.0000E+00
   0.3150E+05   0.0000E+00   0.0000E+00
   0.3160E+05   0.0000E+00   0.0000E+00
   0.3170E+05   0.0000E+00   0.0000E+00
   0.3180E+05   0.0000E+00   0.0000E+00
   0.3190E+05   0.0000E+00   0.0000E+00
   0.3200E+05   0.0000E+00   0.0000E+00
   0.3210E+05   0.0000E+00   0.0000E+00
   0.3220E+05   0.0000E+00   0.0000E+00
   0.3230E+05   0.0000E+00   0.0000E+00
   0.3240E+05   0.0000E+00   0.0000E+00
   0.3250E+05   0.0000E+00   0.0000E+00
   0.3260E+05   0.0000E+00   0.0000E+00
   0.3270E+05   0.0000E+00   0.0000E+00
   0.3280E+05   0.0000E+00   0.0000E+00
   0.3290E+05   0.0000E+00   0.0000E+00
   0.3300E+05   0.0000E+00   0.0000E+00
   0.3310E+05   0.0000E+00   0.0000E+00
   0.3320E+05   0.0000E+00   0.0000E+00
   0.3330E+05   0.0000E+00   0.0000E+00
   0.3340E+05   0.0000E+00   0.0000E+00
   0.3350E+05   0.0000E+00   0.0000E+00
   0.3360E+05   0.0000E+00   0.0000E+00
   0.3370E+05   0.0000E+00   0.0000E+00
   0.3380E+05   0.0000E+00   0.0000E+00
   0.3390E+05   0.0000E+00   0.0000E+00
   0.3400E+05   0.0000E+00   0.0000E+00
   0.3410E+05   0.0000E+00   0.0000E+00
   0.3420E+05   0.0000E+00   0.0000E+00
   0.3430E+05   0.0000E+00   0.0000E+00
   0.3440E+05   0.0000E+00   0.0000E+00
   0.3450E+05   0.0000E+00   0.0000E+00
   0.3460E+05   0.0000E+00   0.0000E+00
   0.3470E+05   0.0000E+00   0.0000E+00
   0.3480E+05   0.0000E+00   0.0000E+00
   0.3490E+05   0.0000E+00   0.0000E+00
   0.3500E+05   0.0000E+00   0.0000E+00
   0.3510E+05   0.0000E+00   0.0000E+00
   0.3520E+05   0.0000E+00   0.0000E+00
   0.3530E+05   0.0000E+00   0.0000E+00
   0.3540E+05   0.0000E+00   0.0000E+00
   0.3550E+05   0.0000E+00   0.0000E+00
   0.3560E+05   0.0000E+00   0.0000E+00
   0.3570E+05   0.0000E+00   0.0000E+00
   0.3580E+05   0.0000E+00   0.0000E+00
   0.3590E+05   0.0000E+00   0.0000E+00
   0.3600E+05   0.0000E+00   0.0000E+00
   0.3610E+05   0.0000E+00   0.0000E+00
   0.3620E+05   0.0000E+00   0.0000E+00
   0.3630E+05   0.0000E+00   0.0000E+00
   0.3640E+05   0.0000E+00   0.0000E+00
   0.3650E+05   0.0000E+00   0.0000E+00
   0.3660E+05   0.0000E+00   0.0000E+00
   0.3670E+05   0.0000E+00   0.0000E+00
   0.3680E+05   0.0000E+00   0.0000E+00
   0.3690E+05   0.0000E+00   0.0000E+00
   0.3700E+05   0.0000E+00   0.0000E+00
   0.3710E+05   0.0000E+00   0.0000E+00
   0.3720E+05   0.0000E+00   0.0000E+00
   0.3730E+05   0.0000E+00   0.0000E+00
   0.3740E+05   0.0000E+00   0.0000E+00
   0.3750E+05   0.0000E+00   0.0000E+00
   0.3760E+05   0.0000E+00   0.0000E+00
   0.3770E+05   0.0000E+00   0.0000E+00
   0.3780E+05   0.0000E+00   0.0000E+00
   0.3790E+05   0.0000E+00   0.0000E+00
   0.3800E+05   0.0000E+00   0.0000E+00
   0.3810E+05   0.0000E+00   0.0000E+00
   0.3820E+05   0.0000E+00   0.0000E+00
   0.3830E+05   0.0000E+00   0.0000E+00
   0.3840E+05   0.0000E+00   0.0000E+00
   0.3850E+05   0.0000E+00   0.0000E+00
   0.3860E+05   0.0000E+00   0.0000E+00
   0.3870E+05   0.0000E+00   0.0000E+00
   0.3880E+05   0.0000E+00   0.0000E+00
   0.3890E+05   0.0000E+00   0.0000E+00
   0.3900E+05   0.0000E+00   0.0000E+00
   0.3910E+05   0.0000E+00   0.0000E+00
   0.3920E+05   0.0000E+00   0.0000E+00
   0.3930E+05   0.0000E+00   0.0000E+00
   0.3940E+05   0.0000E+00   0.0000E+00
   0.3950E+05   0.0000E+00   0.0000E+00
   0.3960E+05   0.0000E+00   0.0000E+00
   0.3970E+05   0.0000E+00   0.0000E+00
   0.3980E+05   0.0000E+00   0.0000E+00
   0.3990E+05   0.0000E+00   0.0000E+00
   0.4000E+05   0.0000E+00   0.0000E+00
   0.4010E+05   0.0000E+00   0.0000E+00
   0.4020E+05   0.0000E+00   0.0000E+00
   0.4030E+05   0.0000E+00   0.0000E+00
   0.4040E+05   0.0000E+00   0.0000E+00
   0.4050E+05   0.0000E+00   0.0000E+00
   0.4060E+05   0.0000E+00   0.0000E+00
   0.4070E+05   0.0000E+00   0.0000E+00
   0.4080E+05   0.0000E+00   0.0000E+00
   0.4090E+05   0.0000E+00   0.0000E+00
   0.4100E+05   0.0000E+00   0.0000E+00
   0.4110E+05   0.0000E+00   0.0000E+00
   0.4120E+05   0.0000E+00   0.0000E+00
   0.4130E+05   0.0000E+00   0.0000E+00
   0.4140E+05   0.0000E+00   0.0000E+00
   0.4150E+05   0.0000E+00   0.0000E+00
   0.4160E+05   0.0000E+00   0.0000E+00
   0.4170E+05   0.0000E+00   0.0000E+00
   0.4180E+05   0.0000E+00   0.0000E+00
   0.4190E+05   0.0000E+00   0.0000E+00
   0.4200E+05   0.0000E+00   0.0000E+00
   0.4210E+05   0.0000E+00   0.0000E+00
   0.4220E+05   0.0000E+00   0.0000E+00
   0.4230E+05   0.0000E+00   0.0000E+00
   0.4240E+05   0.0000E+00   0.0000E+00
   0.4250E+05   0.0000E+00   0.0000E+00
   0.4260E+05   0.0000E+00   0.0000E+00
   0.4270E+05   0.0000E+00   0.0000E+00
   0.4280E+05   0.0000E+00   0.0000E+00
   0.4290E+05   0.0000E+00   0.0000E+00
   0.4300E+05   0.0000E+00   0.0000E+00
   0.4310E+05   0.0000E+00   0.0000E+00
   0.4320E+05   0.0000E+00   0.0000E+00
   0.4330E+05   0.0000E+00   0.0000E+00
   0.4340E+05   0.0000E+00   0.0000E+00
   0.4350E+05   0.0000E+00   0.0000E+00
   0.4360E+05   0.0000E+00   0.0000E+00
   0.4370E+05   0.0000E+00   0.0000E+00
   0.4380E+05   0.0000E+00   0.0000E+00
   0.4390E+05   0.0000E+00   0.0000E+00
   0.4400E+05   0.0000E+00   0.0000E+00
   0.4410E+05   0.0000E+00   0.0000E+00
   0.4420E+05   0.0000E+00   0.0000E+00
   0.4430E+05   0.0000E+00   0.0000E+00
   0.4440E+05   0.0000E+00   0.0000E+00
   0.4450E+05   0.0000E+00   0.0000E+00
   0.4460E+05   0.0000E+00   0.0000E+00
   0.4470E+05   0.0000E+00   0.0000E+00
   0.4480E+05   0.0000E+00   0.0000E+00
   0.4490E+05   0.0000E+00   0.0000E+00
   0.4500E+05   0.0000E+00   0.0000E+00
   0.4510E+05   0.0000E+00   0.0000E+00
   0.4520E+05   0.0000E+00   0.0000E+00
   0.4530E+05   0.0000E+00   0.0000E+00
   0.4540E+05   0.0000E+00   0.0000E+00
   0.4550E+05   0.0000E+00   0.0000E+00
   0.4560E+05   0.0000E+00   0.0000E+00
   0.4570E+05   0.0000E+00   0.0000E+00
   0.4580E+05   0.0000E+00   0.0000E+00
   0.4590E+05   0.0000E+00   0.0000E+00
   0.4600E+05   0.0000E+00   0.0000E+00
   0.4610E+05   0.0000E+00   0.0000E+00
   0.4620E+05   0.0000E+00   0.0000E+00
   0.4630E+05   0.0000E+00   0.0000E+00
   0.4640E+05   0.0000E+00   0.0000E+00
   0.4650E+05   0.0000E+00   0.0000E+00
   0.4660E+05   0.0000E+00   0.0000E+00
   0.4670E+05   0.0000E+00   0.0000E+00
   0.4680E+05   0.0000E+00   0.0000E+00
   0.4690E+05   0.0000E+00   0.0000E+00
   0.4700E+05   0.0000E+00   0.0000E+00
   0.4710E+05   0.0000E+00   0.0000E+00
   0.4720E+05   0.0000E+00   0.0000E+00
   0.4730E+05   0.0000E+00   0.0000E+00
   0.4740E+05   0.0000E+00   0.0000E+00
   0.4750E+05   0.0000E+00   0.0000E+00
   0.4760E+05   0.0000E+00   0.0000E+00
   0.4770E+05   0.0000E+00   0.0000E+00
   0.4780E+05   0.0000E+00   0.0000E+00
   0.4790E+05   0.0000E+00   0.0000E+00
   0.4800E+05   0.0000E+00   0.0000E+00
   0.4810E+05   0.0000E+00   0.0000E+00
   0.4820E+05   0.0000E+00   0.0000E+00
   0.4830E+05   0.0000E+00   0.0000E+00
   0.4840E+05   0.0000E+00   0.0000E+00
   0.4850E+05   0.0000E+00   0.0000E+00
   0.4860E+05   0.0000E+00   0.0000E+00
   0.4870E+05   0.0000E+00   0.0000E+00
   0.4880E+05   0.0000E+00   0.0000E+00
   0.4890E+05   0.0000E+00   0.0000E+00
   0.4900E+05   0.0000E+00   0.0000E+00
   0.4910E+05   0.0000E+00   0.0000E+00
   0.4920E+05   0.0000E+00   0.0000E+00
   0.4930E+05   0.0000E+00   0.0000E+00
   0.4940E+05   0.0000E+00   0.0000E+00
   0.4950E+05   0.0000E+00   0.0000E+00
   0.4960E+05   0.0000E+00   0.0000E+00
   0.4970E+05   0.0000E+00   0.0000E+00
   0.4980E+05   0.0000E+00   0.0000E+00
   0.4990E+05   0.0000E+00   0.0000E+00
   0.5000E+05   0.0000E+00   0.0000E+00
