bhcluster 10  10 1.0  14000 10				/outfile, N, Nbh , DELTAT, TMAX, DTOUT
0 0.0   1  1.e-30  0    4570700.e0  1  0  0  0  1.e-8 	/IWR, soft, cmet (3x), Clight, Ixc , spin (3x), tolerance
1.e4 2.0 2.0 3.0 1.0 1000.0 100000.0    	     		/rho0, eta1, eta2, eta3, re1, re2, re3
10.000000	-1.6948637964864042	-1.3155098787730954	-2.5642576380764153	-1.4742494297621913	-4.4410985503256741	-0.3029879745928692
10.000000	21.3781873516212819	0.3248094032106554	-7.6199215164591285	5.4391739404094439	-8.0264251326049898	-4.6424298059782050
10.000000	0.7938631377336989	7.2680758129350718	2.3661503281999012	6.2980924271729162	-0.7862465513659697	-5.2025781507062785
10.000000	-5.1749811128400527	0.2864770487380263	-1.5615350750647554	-10.0019836908622448	-8.4528927829334162	15.4674969223151031
10.000000	2.9720726753890103	25.5773050775918875	23.8782823125872028	3.9659940169988506	0.8906418528878993	-6.1150265029608768
10.000000	12.8605588220571381	4.7634893425033349	-29.6351179415296855	3.3877267718085742	-1.7086787641797054	-3.9672632737711875
10.000000	1.1590504188610555	0.0760654267676692	-3.0099599248582556	-15.2506259410061329	-6.4420354728544007	-6.0072050449233707
10.000000	-10.6270114593551295	-16.9257563040135537	-8.6505704195527269	-4.0117784690316478	-8.1210778436943709	-0.5338687083919839
10.000000	-0.2663806680600337	-3.6298915933750533	3.9538906856656473	7.8864906395791570	2.8892268914484993	5.3482048827010935
10.000000	-0.3261985701750441	2.2152798125456616	0.0145604897097884	-17.6134221855092576	-10.2919985101915366	4.0410986985028607
0 0 0 0 0 0 0 0 0 0 0 0 0 0 0 0 0 0 0 0 0 0 0 0 0

#0.01 -1.0 2.0 2.0 1.0e-6 1.0 100000.0    	     		/rho0, eta1, eta2, eta3, re1, re2, re3

10.000000	4.6734697815811712	-13.9680054433116734	4.8708513103828697	0.1550576652234192	0.9666884004811204	1.3875354784326739
10.000000	-19.8474207385823291	11.6806536497609788	-16.5625532385136935	0.6790962753335748	4.8867035335234936	-2.1987681406062567
10.000000	-3.3697047458572005	1.1728378634339742	6.0628050752213669	0.5529028265405824	-0.1976169490689112	3.9136348548393900
10.000000	-2.2688228850117871	1.4375317795550935	-5.2637052319197322	-9.7067897909050291	6.1347635194801855	-9.6747103127465142
10.000000	8.1342521695004990	0.8894123997384721	3.3952599420313629	0.1331722106310440	7.6493414822974168	-0.8371974875290299
10.000000	18.4762206291515270	-4.6081940060327620	1.1508841646424204	0.1771415763619792	2.2543854299980719	12.9066412174992635
10.000000	2.6769741764529349	1.1164708265645451	0.0311205238188904	-4.9531289528599594	-8.2348215905086501	-5.1041905603396325
10.000000	-4.6936631115189895	-2.2612260400959534	5.1317465077358646	-7.8010206062403338	-8.7968462282972180	-1.7997811642944195
10.000000	-6.8675184125709468	3.7337423558628156	-2.8310883165629286	-0.4188231705299538	-0.6603554512408119	3.8657928972261391
10.000000	3.3269216692402725	-15.5049089368401596	-6.0332263737285308	-2.4153191187247711	3.4069456587137110	-2.2724876579974249
10.000000	3.0668398023268995	12.9196259525276851	11.3097196656206851	3.7479686642257315	-7.2989906408472951	8.3430306453134424
10.000000	7.6519957320693681	-7.8716960912481158	3.7931056189679775	3.9336792401957505	13.1750887038912570	-7.3863201946185111
10.000000	-12.8793088053565565	-1.8719642703578316	11.7014250168503260	4.4161901042047740	3.4321479717672903	1.9953472587719927
10.000000	-2.2410065808173631	2.9120538680449113	-1.8017484996316075	-13.6219638408032857	-9.0415817431915855	-7.2815118855058412
10.000000	-0.7927128274264208	8.4696553409598661	9.0484261095196601	-1.5257371562734290	-3.6883481910355673	-5.5888415470129953
10.000000	0.0337476745348907	-12.3501101074851487	2.7452927416145836	17.2183345900278866	6.1004734112084513	2.5177354428475152
10.000000	10.7386142595912766	4.7130616809415553	-8.7567076983222734	6.7303003760968760	1.5875411254718275	3.6615212523071343
10.000000	-32.0687582252982040	-27.9892569506958573	-35.4092984594662923	0.8994041504942965	-1.8291160346878763	3.4577924721733324
10.000000	-6.6511976702228655	63.7091107609027887	-19.3681678687176841	-1.0198367638454051	0.3026387669720063	2.9168887704389719
10.000000	4.5444089350169703	-10.2828348736865607	2.4446903200868761	3.7522714085653828	-4.7978647547920366	-8.6396977254267195
10.000000	-5.5087406243721739	6.3157507736112226	-1.3045919973089213	-3.3331299955965044	6.3977515687114614	-0.2248239336381613
10.000000	9.2325688929700203	-2.8419930339201516	-2.0040492058589678	4.1018222377973839	-1.9941759112912414	-4.4293720413023800
10.000000	-0.9026953176823290	0.4855562378114476	3.8928936428747205	-8.0812974640825335	9.0389623718941170	-2.1807169027345545
10.000000	-4.7402567705931995	7.4242425573315520	-6.5705108076439833	3.1617059822308868	-4.4627843830569756	-0.0239954468548661
10.000000	-0.2678732235023591	-5.4532486057240135	-4.1176915703698151	17.1264551682867818	-13.8656304549605451	-8.5350061031910691
10.000000	-2.5194616195147619	3.8254206924853715	-2.1237363118709234	6.7026486809447290	7.7860511698338799	16.7842593267632552
10.000000	-9.5130414332432505	4.0058155044266899	-1.5136895719814565	8.3847617733303927	-3.4907576762594350	3.0047414025911161
10.000000	6.0729468535138196	2.6029037587494428	-1.7607115323370734	8.9488941540672897	-0.3245006647907660	6.3178526571204001
10.000000	-1.4128505229127233	-13.2569497520696995	3.5817692320958345	4.8276815206766122	8.9984263417451160	1.1037545362135519
10.000000	-2.1321151277105095	6.8334007329393494	0.1061420604062725	-12.7516388358120896	11.4122367859378944	8.2547198051819493
10.000000	11.0807204538117929	-2.4975724065161105	-5.8096743368040054	-10.5472239397535024	2.0147994296301293	3.0370125113200972
10.000000	-1.7120861565548329	7.4932123424844246	5.4882267963443718	-5.9777711527122390	0.6873920854829021	11.8125181078890584
10.000000	0.5881620729420717	-0.2785731068381024	-0.8517704342393170	-12.1295004051333741	-1.6547227322813782	6.8464126068244697
10.000000	-7.5179710727292157	17.6683620444643665	-14.7638813876867463	-11.9655698246082274	-2.8259828821278368	1.5975303659457885
10.000000	-6.9867489473147275	-9.6123627167866612	8.6191306604578699	2.5211752779400056	-5.4943475337922214	-5.8814878526706655
10.000000	1.7799752655383123	6.9471270074218276	1.4332132627318155	12.6469074452519052	-4.9781605864519989	12.4827188789369128
10.000000	-2.2610315815864084	3.8988283698421595	1.6148693031306844	3.8707725484756823	7.0376933150872469	3.1766205794024689
10.000000	-19.8138240596791846	-2.2002254214637094	1.2329763510734317	8.8764972906335515	2.8522466105663451	-5.1577315660108081
10.000000	16.4116710974989566	-8.6896827566006536	25.1474484078129166	-3.3856743851751814	1.1944990943595748	-7.1945855015622646
10.000000	0.8343160948013580	8.1919431123406472	1.4612488357388675	2.5901923234095334	-8.1675863792121604	8.5523938563168223
10.000000	6.5043525943509897	-4.1669770636380230	-1.0194185514108915	10.3149394109897390	-4.6055149334238141	-16.5098197929969643
10.000000	-1.5619333626319620	-4.3084376841401690	1.0541118569093788	-9.2475352381742937	-13.3711445022141273	-16.4663954669832791
10.000000	-0.1176333359128864	-7.5562267903887683	2.0039493780348669	5.7365036955276665	3.6290694351344115	11.6774634496909666
10.000000	1.8773123557593003	2.4218866486071375	1.3293360697866712	-7.9509641622285878	9.8169445910939714	-15.7081429917459126
10.000000	-21.6074673684776180	7.9015297810571683	-5.0238540264105751	-7.1778426856792059	-2.1798794636228815	-0.5075805338651228
10.000000	-0.7874953031902735	-16.2660528697303306	-0.7781802516915001	-3.7308566596286123	6.0373601437861941	-11.6589630123746009
10.000000	7.0211891176848020	-0.8825839721292605	17.0797732465469707	-7.0241768006979246	7.7816310471125059	-10.0378229813102937
10.000000	-4.3431440631311746	1.2187235370574030	7.2568946563503118	1.0243078829427414	7.5109494894356619	1.3352433940636479
10.000000	-4.1706662414031603	-2.3365834788253954	5.4038110735293436	3.4216271009826231	-2.1331088960147735	-9.5189013691317275
10.000000	0.0354652732363119	0.2160120392588907	5.0999576770119432	-5.2318921361942818	-0.4728739907902038	-0.6587476151130263
10.000000	-1.5483476639229707	-1.9843097140587560	1.0527172432652832	8.9455727460259009	9.8601511196822642	4.8260945847992254
10.000000	6.9484866526252755	2.9957726938174725	2.3680595414960237	1.0047025520890511	-1.4185188279250358	-0.8433979538894548
10.000000	12.4499682667426228	-2.0525650676791267	10.1757985914361999	-0.5233039981061507	-3.0847148339872619	0.4536060837359172
10.000000	-4.8287383623286022	-4.3471642058304134	-7.6016741048089456	2.2199079490736935	0.6092294951372919	-1.1524934274520657
10.000000	15.6477808527711826	-1.4263480799719754	-8.1295439130936256	-8.4568060388981898	-1.2741576744687422	-5.2295358656723883
10.000000	3.2774344544337266	-2.0464927698543156	5.3309732627256272	4.1719333635532774	-7.9153541964265317	-19.9854130092473561
10.000000	-4.7648558199240396	-0.7424469771526417	-11.5326841342646258	-9.8873151611139694	10.1267382251219189	-5.2622596627198872
10.000000	-7.7504977669543855	-2.9278676106743697	-5.4113836037300347	-7.2197280578488821	0.7945289230071834	-6.6013422632259813
10.000000	1.7431502291999814	-3.2797198543294517	-3.1884972159459446	12.4581021567662287	-1.5526384281425647	-13.3109797267914214
10.000000	2.1995787882084339	-9.3051973996383595	5.7226665559383507	7.9323433180795391	-15.7225413393006690	-3.1670309297696777
10.000000	-2.2925488806920562	-10.1367124902838928	10.5820287923429195	-3.5460317661535812	2.7636967280480595	8.8262313889403519
10.000000	20.3806504923595675	21.0607508938159782	54.5354820634605062	-3.0140745052822888	9.3457336243018716	0.3648681027600796
10.000000	-6.0761115137219113	-3.9345567868483626	-9.3469524156241643	-0.3100638230990185	3.9740540535818187	11.7886709244007140
10.000000	2.2197559786118339	0.2816467389712551	-1.2100876064921735	-6.0758429396751819	-5.0140665725461968	11.8448325265942156
10.000000	6.3242654292723612	7.4502272738545567	-5.5122545519994324	-0.8845669527962662	-4.0780112466462715	3.6105909835318055
10.000000	-1.1453341111915778	-6.5110006529256035	5.3954204596408255	-0.7316035906617305	-8.8568597199551178	15.1965702989517162
10.000000	0.4803918982700978	4.3410734721022024	-10.8173329690083229	8.1953698326031166	-5.6296724735330317	0.7956587431527042
10.000000	7.8156875855730794	2.0663265110238340	-3.0236030781234251	4.1257303786219506	-13.9378420074414535	-5.8095991972085557
10.000000	-3.0083295095773481	-10.3866475843523922	-6.2632165139833482	-0.9327736617827554	7.4117675210031422	-14.4656366642868992
10.000000	3.7775054111313207	-7.0892644128138160	-10.2118653931095924	0.9088710674309793	-1.8557742552770367	-1.5464990101182237
10.000000	3.8264952394218414	-5.2311631079685705	3.9855001819342819	8.0464181012203699	-5.7258981499259178	16.6413684069238101
10.000000	-30.1823763152485327	-3.1327186221250836	-12.3169795409775897	-5.5877710217797398	8.1279551000196406	3.0765561867419731
10.000000	6.8123267839181514	-11.8875762455135128	14.1339258260749894	7.7008920480826806	2.6022185905955788	1.3331944066682269
10.000000	-7.1364243680576571	-1.4985068354961830	-1.3893976587074199	16.4674617925804796	7.6660538102862024	-1.0776822187448836
10.000000	2.5588992510197772	0.4429414322184653	-1.5111658115505284	2.3821409552793527	1.5913136135087611	5.7281687584828571
10.000000	-22.5216807951333529	-17.8579778186638265	13.7404575124630437	-4.8399352985645612	3.6576457766577155	-2.3438963468370204
10.000000	10.5900680401373410	-3.8331139558250960	-7.4861169982550990	0.3051282982726964	10.9970926146953332	2.8683838411893663
10.000000	2.9303439510665723	5.3670394205604310	15.9986509961087258	9.5973865750332408	-7.1038181419170181	1.0603466295998600
10.000000	-5.3608231463918941	1.4173055134760719	-4.7448106298897192	-11.0024726114296083	1.1315889652439033	-11.2483385871959083
10.000000	12.5386550974773101	9.6034475285962024	15.9631271879454104	-10.3050705193154872	4.4578632279756922	4.5371310767156885
10.000000	-3.4216513546143057	-3.5179795122003639	-13.6786124828219773	-6.1133598419547983	-0.2703333331571223	-0.5998167437584477
10.000000	-6.0086315941383797	13.0999201089683197	-6.3690270882130777	-12.2774210741582941	6.7102839472044398	-0.4097456901229492
10.000000	-2.0885813829512543	9.4149635035014239	2.7026350531050709	-12.3427592917574867	-11.0691511651433814	-8.4656048973648321
10.000000	4.9663840687276171	-7.4018174547266344	0.4408040507130572	6.1449110129412476	15.2363539432550752	-9.3588163849374286
10.000000	0.4198725736605156	6.8765310800409107	-5.0406345417305802	3.3865761783954995	-2.7833618086415317	5.4664831079492391
10.000000	12.1459625257151789	1.0445463072908252	-8.6888300351443988	-0.1426364246523152	0.9992167839596271	0.5327139306613452
10.000000	5.8365699598549368	-1.2913547235949980	4.0431234680103794	-3.1173856909515050	9.8359642766980677	16.2491660704810137
10.000000	6.5691112777912650	-5.9643288229719591	-7.5760226497798024	6.3199736811285483	2.3994917106143827	9.0077182431695473
10.000000	1.9830458608353454	-1.7456043118561306	-2.4307206277406634	13.9669108551726708	2.4086841502006955	0.7975406538174269
10.000000	-2.5867296494907688	2.2803931513305975	0.3156976428600083	7.7504528321037149	-8.4503460722060684	12.3151906073346940
0 0 0 0 0 0 0 0 0 0 0 0 0 0 0 0 0 0 0 0 0 0 0 0 0 0 0 0 /STOP
