Time (Gyr)	Mass (Msun)
2.10319348439	24989.7183971
2.35377629337	373573.834066
2.65755137116	2762562.38813
3.03138492829	16720738.8143
3.33104937975	17360778.6988
3.49942985497	17452292.44
3.77926305837	19018752.8076
4.09714311886	20257256.7986
4.33373032544	22774948.4155
4.73206525863	22783405.9605
4.87795254969	22783405.9605
5.03111623233	22783405.9605
5.19204116814	22783405.9605
5.36125096587	22783405.9605
5.53931139563	22783405.9605
5.72683410699	22783405.9605
5.92448067566	22783405.9605
6.13296700499	22783405.9605
6.35306811097	22783405.9605
6.58562332266	22783405.9605
6.83154193375	22783405.9605
7.09180934734	22895277.8036
7.36749376462	22895277.8036
7.65975348081	22895277.8036
7.96984487042	22895277.8036
8.29913117053	22895277.8036
8.64909220952	22895277.8036
9.02133528292	22895277.8036
9.41760745493	22895277.8036
9.83980966978	22895277.8036
10.7704791811	22895277.8036
11.2836821617	22895277.8036
11.8323391323	22895277.8036
12.4194457546	22895277.8036
13.0483223359	22895277.8036
13.7226728758	22895277.8036
