Time (Gyr)	Mass (Msun)
2.10319348439	68880.3534039
2.35377629337	482542.673808
2.65755137116	503074.442551
3.03138492829	2497436.9032
3.33104937975	6021941.55023
3.49942985497	6228084.39315
3.77926305837	8506304.9081
4.09714311886	9587830.93571
4.33373032544	9808226.92507
4.73206525863	10886104.1421
4.87795254969	11279977.0096
5.03111623233	11672766.7104
5.19204116814	12276916.8405
5.36125096587	21396880.757
5.53931139563	21544750.8357
5.72683410699	21846199.1228
5.92448067566	22281547.1216
6.13296700499	22712459.2915
6.35306811097	23881995.5293
6.58562332266	27584274.8055
6.83154193375	29020793.3028
7.09180934734	77604029.9154
7.36749376462	81395754.4838
7.65975348081	82035130.9307
7.96984487042	82104301.5294
8.29913117053	82857760.4254
8.64909220952	83342926.8579
9.02133528292	83358167.1005
9.41760745493	83890599.0833
9.83980966978	84128286.2153
10.7704791811	86334353.8255
11.2836821617	87508475.0347
11.8323391323	88098034.213
12.4194457546	88528637.1316
13.0483223359	88898868.9448
13.7226728758	90154318.0546
