Time (Gyr)	Mass (Msun)
1.56537656306	4798227.31453
2.10319348439	65500723.8388
2.35377629337	94748562.1225
2.65755137116	115257883.449
3.03138492829	220282894.975
3.33104937975	307458169.489
3.49942985497	312118523.412
3.77926305837	521251576.997
4.09714311886	536074501.772
4.33373032544	597125263.077
4.73206525863	611726739.75
4.87795254969	614999227.089
5.03111623233	626790626.609
5.19204116814	629921570.922
5.36125096587	656254379.348
5.53931139563	665697475.369
5.72683410699	667556020.485
5.92448067566	735372886.694
6.13296700499	743626557.138
6.35306811097	1047107437.03
6.58562332266	1148747498.95
6.83154193375	1207419540.42
7.09180934734	1621510322.21
7.36749376462	1778235456.06
7.65975348081	1784196782.28
7.96984487042	1937605372.4
8.29913117053	1937605372.4
8.64909220952	1946024926.13
9.02133528292	1956848579.55
9.41760745493	2005090415.66
9.83980966978	2191071108.12
10.7704791811	2191071108.12
11.2836821617	2191071108.12
11.8323391323	2191071108.12
12.4194457546	2191071108.12
13.0483223359	2193496760.78
13.7226728758	2193496760.78
