Time (Gyr)	Mass (Msun)
1.56537656306	94717.764641
2.10319348439	1240701.87156
2.35377629337	1373597.40091
2.65755137116	13541808.8414
3.03138492829	17541500.4441
3.33104937975	21271198.3397
3.49942985497	23325163.4764
3.77926305837	26515707.8555
4.09714311886	27113961.1255
4.33373032544	27969721.4255
4.73206525863	28223776.2844
4.87795254969	28881985.6116
5.03111623233	29096093.7997
5.19204116814	31646782.4899
5.36125096587	32236976.373
5.53931139563	32638694.7991
5.72683410699	32998418.3095
5.92448067566	34864096.2454
6.13296700499	35568488.2932
6.35306811097	37698830.5787
6.58562332266	39153748.8639
6.83154193375	40087288.3426
7.09180934734	192515422.928
7.36749376462	201433570.927
7.65975348081	217568934.801
7.96984487042	227110869.272
8.29913117053	230544286.658
8.64909220952	247092749.443
9.02133528292	254087765.963
9.41760745493	257849738.813
9.83980966978	258156613.359
10.7704791811	263134672.506
11.2836821617	263861418.541
11.8323391323	265287534.401
12.4194457546	268941275.538
13.0483223359	269534028.435
13.7226728758	269702600.852
