Time (Gyr)	Mass (Msun)
1.56537656306	1002646.42196
2.10319348439	2893075.00299
2.35377629337	12874027.4719
2.65755137116	13708179.0611
3.03138492829	42038868.7875
3.33104937975	70476389.4332
3.49942985497	153098492.449
3.77926305837	164881901.284
4.09714311886	173266771.88
4.33373032544	191705965.272
4.73206525863	275086665.919
4.87795254969	280570928.412
5.03111623233	292335408.534
5.19204116814	299166261.789
5.36125096587	341866938.128
5.53931139563	598947929.451
5.72683410699	608696926.329
5.92448067566	630271739.381
6.13296700499	630960101.329
6.35306811097	642917675.813
6.58562332266	644191703.882
6.83154193375	655627397.83
7.09180934734	683559295.534
7.36749376462	684478896.921
7.65975348081	684478896.921
7.96984487042	684478896.921
8.29913117053	685092055.453
8.64909220952	685092055.453
9.02133528292	685094086.186
9.41760745493	685094086.186
9.83980966978	685094086.186
10.7704791811	685094086.186
11.2836821617	685174180.964
11.8323391323	685196816.16
12.4194457546	685836877.387
13.0483223359	685873207.511
13.7226728758	685873207.511
