Time (Gyr)	Mass (Msun)
1.56537656306	193548805.379
2.10319348439	238183534.017
2.35377629337	264524220.572
2.65755137116	287542097.163
3.03138492829	288473713.835
3.33104937975	294123882.621
3.49942985497	364942476.042
3.77926305837	375969637.241
4.09714311886	382481646.754
4.33373032544	404482567.61
4.73206525863	415321266.399
4.87795254969	422575221.684
5.03111623233	425203450.812
5.19204116814	454292428.942
5.36125096587	463828299.042
5.53931139563	463828299.042
5.72683410699	544425194.441
5.92448067566	570129241.258
6.13296700499	573907344.005
6.35306811097	620782474.425
6.58562332266	632179472.564
6.83154193375	632675120.212
7.09180934734	637199577.459
7.36749376462	654437212.672
7.65975348081	661580272.648
7.96984487042	710667960.345
8.29913117053	736195168.927
8.64909220952	782056466.535
9.02133528292	827481224.171
9.41760745493	856617101.281
9.83980966978	934657770.718
10.7704791811	1185171641.89
11.2836821617	1190977321.73
11.8323391323	1396655649.52
12.4194457546	1403507334.01
13.0483223359	1438151731.79
13.7226728758	1464025313.89
