Time (Gyr)	Mass (Msun)
1.56537656306	33013442.6833
2.10319348439	49852585.3952
2.35377629337	53177398.3171
2.65755137116	62222566.9468
3.03138492829	185472487.358
3.33104937975	259439611.521
3.49942985497	278554606.732
3.77926305837	323334467.468
4.09714311886	787408166.887
4.33373032544	1025856574.54
4.73206525863	1072636481.48
4.87795254969	1105582292.63
5.03111623233	1219972465.52
5.19204116814	1224611278.92
5.36125096587	1233524142.97
5.53931139563	1325499349.92
5.72683410699	1357543118.47
5.92448067566	3218936053.71
6.13296700499	3377092183.93
6.35306811097	3406263224.54
6.58562332266	3456882426.13
6.83154193375	3962117280.0
7.09180934734	4001153161.86
7.36749376462	4454464603.42
7.65975348081	4480572273.25
7.96984487042	4499839890.62
8.29913117053	4552638001.61
8.64909220952	4559893783.58
9.02133528292	4587450653.42
9.41760745493	5028899210.65
9.83980966978	5119412999.12
10.7704791811	5216073629.58
11.2836821617	5235793165.1
11.8323391323	5242444027.87
12.4194457546	5249838039.61
13.0483223359	5252174032.31
13.7226728758	5269755028.13
