Time (Gyr)	Mass (Msun)
2.35377629337	100948.666034
2.65755137116	869545.992941
3.03138492829	4254462.36977
3.33104937975	4498390.41251
3.49942985497	4554231.73071
3.77926305837	4627214.81095
4.09714311886	4952463.04046
4.33373032544	11223253.6878
4.73206525863	12959685.371
4.87795254969	13457435.7183
5.03111623233	16214233.4302
5.19204116814	18269255.1932
5.36125096587	18700200.8109
5.53931139563	31090736.7805
5.72683410699	32992664.6314
5.92448067566	33546489.6941
6.13296700499	34877091.6992
6.35306811097	38230279.4104
6.58562332266	38230279.4104
6.58562332266	38230279.4104
6.58562332266	38230279.4104
6.58562332266	38230279.4104
6.58562332266	38230279.4104
6.58562332266	38230279.4104
6.58562332266	38230279.4104
6.58562332266	38230279.4104
6.83154193375	39458560.3801
6.83154193375	38230279.4104
7.09180934734	39458560.3801
7.09180934734	38230279.4104
7.36749376462	39908826.0699
7.36749376462	38230279.4104
7.65975348081	42051632.8406
7.65975348081	38230279.4104
7.96984487042	43217852.2652
7.96984487042	38230279.4104
8.29913117053	43393528.5802
8.29913117053	38230279.4104
8.64909220952	51139040.2725
8.64909220952	38230279.4104
9.02133528292	57374327.4813
9.02133528292	38230279.4104
9.41760745493	95090285.2219
9.41760745493	38230279.4104
9.83980966978	103458085.089
9.83980966978	38230279.4104
10.7704791811	120272737.476
10.7704791811	38230279.4104
11.2836821617	121534296.329
11.2836821617	38230279.4104
11.8323391323	122049168.713
11.8323391323	38230279.4104
12.4194457546	123887444.381
12.4194457546	38230279.4104
13.0483223359	124181617.344
13.0483223359	38230279.4104
13.7226728758	124181617.344
13.7226728758	38230279.4104
