Time (Gyr)	Mass (Msun)
1.56537656306	4015455.87855
2.10319348439	19968580.7516
2.35377629337	34275337.6045
2.65755137116	87052047.1439
3.03138492829	93740710.3
3.33104937975	94041801.6501
3.49942985497	104124317.548
3.77926305837	120986988.222
4.09714311886	127187912.922
4.33373032544	247508445.854
4.73206525863	311393933.626
4.87795254969	312915642.081
5.03111623233	313373172.46
5.19204116814	325420410.413
5.36125096587	343961212.784
5.53931139563	351267888.083
5.72683410699	351683659.756
5.92448067566	414248728.725
6.13296700499	423201337.733
6.35306811097	423883074.697
6.58562332266	434508269.494
6.83154193375	436403221.473
7.09180934734	487617216.836
7.36749376462	517478737.561
7.65975348081	533558384.496
7.96984487042	533558384.496
8.29913117053	556912032.925
8.64909220952	576215557.993
9.02133528292	583741675.495
9.41760745493	984636075.744
9.83980966978	1846166437.61
10.7704791811	1971477565.59
11.2836821617	1974188030.95
11.8323391323	1974188030.95
12.4194457546	1978519899.12
13.0483223359	2055440210.32
13.7226728758	2404178810.81
