Time (Gyr)	Mass (Msun)
1.56537656306	994989.349862
2.10319348439	1899094.36476
2.35377629337	10399082.191
2.65755137116	20796003.8158
3.03138492829	37684311.2118
3.33104937975	63843277.0981
3.49942985497	64210201.8383
3.77926305837	64556583.5879
4.09714311886	65303409.3485
4.33373032544	69128076.125
4.73206525863	74803081.9225
4.87795254969	74803081.9225
5.03111623233	74803081.9225
5.19204116814	74804368.3692
5.36125096587	74830817.487
5.53931139563	78350215.5521
5.72683410699	78593626.1145
5.92448067566	79128816.3618
6.13296700499	83220007.7627
6.35306811097	83226155.0009
6.58562332266	83226155.0009
6.83154193375	83226155.0009
7.09180934734	83226155.0009
7.36749376462	83226155.0009
7.65975348081	83226155.0009
7.96984487042	83226155.0009
8.29913117053	83226155.0009
8.64909220952	83226155.0009
9.02133528292	83226155.0009
9.41760745493	83226155.0009
9.83980966978	83226155.0009
10.7704791811	83226155.0009
11.2836821617	83226155.0009
11.8323391323	83226155.0009
12.4194457546	83226155.0009
13.0483223359	83226155.0009
13.7226728758	83226155.0009
