BH ID	Infall mass [Msun]	Infall time [Myr]
66	1947674.07713	190.478827633
67	4648911.71945	738.847545578
68	4321158.54212	913.872319493
69	4120282.81444	1438.55938501
70	8658712.44981	1272.13847755
71	2110369.76981	1440.11375213
72	808982777.513	3632.77039666
73	48060.2941954	3776.87030375
74	70641805.1113	3715.66854147
75	266057.162869	3709.02204831
76	6185869.99609	3645.66249284
77	296939701.984	3697.92907045
78	72012994.8101	3680.89626328
79	753463728.634	7672.40018167
258	715501.948383	3669.54304418
259	7353221.36283	9779.28113181
784	1346192.58852	3263.42196596
1010	59583.4725722	3884.21748248
1043	153220.002781	3986.21824713
1083	1125551.59962	4339.71381285
1084	1080.30693157	4157.72031005
1085	8305.19915849	4289.14845033
1086	5939.14583297	7615.5343593
1135	532706.604223	4511.21609212
1181	22375.0172715	4629.10101693
1182	7816.887138	4729.61769797
1292	3721537.5837	5000.5663315
1293	147798.338102	7690.45649467
1630	2609.15576355	8536.54184959
