BH ID	Infall time [Gyr]	Infall mass [Msun]	t at Ctr [Gyr]
0081	    0.358				     291500		    1906.71
0082	    1.773				    3036622		     233.30
0083	    2.643				  304834763		       5.09
0084	    2.667				    1203717		     621.71
0085	    2.854				   48286531		      18.40
0086	    2.904				     745019		    1012.13
0917	    3.363				     203736		    3746.03
0918	    3.397				      49942		   15285.30
0944	    3.458				     139038		    5501.39
0088	    5.781				     472905		    1671.58
0260	    5.803				     647268		    1222.75
0261	    5.810				   16907942		      52.40
0089	    5.912				   18989102		      47.37
0087	    5.921				  197705366		       9.91
0090	    6.025				      58720		   13401.41
1539	    7.037				       3379		  229023.97
1674	    9.018				      49638		   14813.33
0262	    9.360				    7585546		     105.49
0091	   10.417				   71104280		      20.46
0413	   10.713				     441541		    1616.46
