BH ID	Infall mass [Msun]	Infall time [Myr]	t at Ctr [Myr]
0002	    7638381			  31.480			       3146
0003	    2352480			 147.804			      12560
0004	 1237391271			 891.330			       2974
0534	      17216			1470.355			  129373221
0535	      35101			1650.287			   82561325
0850	    4219978			3246.612			    2569711
0007	     449785			3643.844			   30028899
0006	  214762654			3732.341			      71209
0005	  174533440			3739.695			      86724
0618	    4457540			4111.938			    3859686
1033	    1515709			4122.964			   11401529
0008	   70256405			4399.615			     286558
0245	     605675			4431.449			   33036734
0246	   17621021			4760.458			    1320410
1282	      92124			5020.928			  280007004
1232	    2978023			5054.925			    8786847
0712	     570674			6116.133			   66692244
0675	       5973			6243.980			 6635535427
0249	    1049043			7802.093			   63272722
0010	   90160807			7802.552			     745578
1567	       6693			7814.985			 9963647363
1168	     147591			7824.237			  453374501
1504	     165663			7843.274			  406785913
1290	      32139			7852.000			 2103566670
0017	   35368800			7865.317			    1930454
0973	     164522			7868.388			  413462643
1234	     325007			7871.211			  209525273
0012	   17652223			7873.383			    3870119
1501	     573184			7888.137			  119565326
0829	      34355			7888.753			 1995148340
0009	 1336751979			7891.741			      60791
0025	    8501111			7903.583			    8117395
0974	     224357			7905.527			  307451397
1285	     221905			7917.361			  312238508
0247	    5201890			7918.035			   13332076
1235	     160364			7931.115			  434309011
1172	      21086			7931.737			 3303679449
1469	       9271			7944.840			 7551539141
0972	      38197			7951.362			 1837376382
1470	      26789			7958.395			 2626850218
1468	      86384			7960.461			  815258430
1034	     254457			7967.405			  277505185
1502	      55182			7974.404			 1283028520
1289	       5211			7982.849			13630981712
0024	  315611466			7990.822			     235288
1126	      58089			7994.350			 1228128053
1169	      51283			7997.772			 1392939575
0971	      18153			7999.586			 3937899310
1505	      13215			7999.837			 5409813470
0250	    1591741			8010.922			   45113200
0019	   32380139			8015.611			    2230770
1166	      32854			8019.144			 2192117476
0013	  147774851			8019.273			     496971
0851	     335633			8021.544			  214786734
0016	    6602699			8024.711			   10940556
0713	      60506			8027.952			 1194326459
0970	      10904			8028.185			 6628012924
1036	     156261			8030.324			  462885493
0018	 1375325818			8033.063			      62245
1003	       9978			8034.133			 7259866801
0026	   52527153			8034.856			    1388995
1242	     352629			8038.656			  205782795
1000	     149161			8041.621			  487030106
0536	      24142			8043.813			 3011640399
1170	      22343			8048.855			 3260412504
1127	    1507398			8049.956			   48356506
1171	      77425			8051.601			  941879293
1125	       6513			8061.320			11238375648
1128	     689553			8066.025			  106355728
1566	      20226			8068.090			 3628521138
1077	      21183			8069.628			 3466626353
0021	      23712			8072.347			 3100141526
1236	      67711			8073.106			 1085974120
1233	    3090479			8074.298			   23813746
0011	   83632033			8076.197			     889928
1237	      19484			8077.599			 3780618135
1241	    3553764			8078.836			   20746924
1079	       3109			8080.074			23712490126
1286	      35540			8084.642			 2078239643
1467	      97424			8086.571			  758715340
0619	       2336			8086.783			31639086880
1240	     111353			8099.208			  667076297
1174	     368153			8106.246			  202325169
1385	    2599990			8109.815			   28696860
0014	    3249341			8126.437			   23113024
1167	     411229			8126.663			  182577654
1078	      11673			8128.561			 6436534588
1386	       6875			8129.878			10934672336
1288	     443749			8135.188			  169761583
1503	     531157			8140.106			  142099531
1239	    2351117			8149.138			   32223715
0023	     339409			8158.006			  223934360
1076	      74877			8161.747			 1016524222
0020	    1471162			8162.756			   51767213
0022	  134953944			8173.075			     576245
0969	     764853			8174.067			  100005517
0015	    3186544			8174.386			   24014316
1538	       2989			8180.067			25645422684
1284	     721975			8180.588			  106215757
0248	     559076			8184.823			  137389609
1341	       1539			8185.006			49908792495
1340	      34216			8185.515			 2245356717
1001	      57270			8186.817			 1342177178
0999	     278062			8187.820			  276553719
1283	    3073673			8191.533			   25064025
1568	      24085			8195.093			 3201800414
1238	     567619			8199.768			  136119769
1466	    2604697			8202.587			   29703968
1287	     452850			8208.122			  171177400
1002	      20149			8210.241			 3850198382
1035	      12907			8210.315			 6010862562
1173	       1556			8212.068			49906498877
1627	   95345095			8217.856			     825886
1628	       3790			8467.792			22691379972
1648	     291156			8660.584			  319539090
1640	     537036			8691.337			  175440814
1660	       7017			8702.056			13484791500
1662	      19557			8728.804			 4891906252
1644	     136589			8735.938			  702496998
1647	      13544			8755.741			 7142454449
1659	      98012			8776.473			  995408021
1661	     550306			8788.885			  178201363
1654	      31787			8833.586			 3142059427
1653	      99812			8835.853			 1001566609
1649	      61345			8885.164			 1662892363
1665	      68445			8912.574			 1507227864
1652	    1885611			8925.483			   55009832
1642	     683257			8927.536			  151921966
1651	      27495			8939.250			 3793143970
1658	      52931			8966.582			 1992510230
1641	     151170			8976.869			  700597655
1646	     151301			8982.475			  701592437
1650	      39603			8992.262			 2691109376
1655	       5354			9038.593			20284132131
1656	      33197			9052.420			 3289893622
1645	     221531			9055.353			  493598758
1643	       3402			9088.228			32570774071
1657	      29452			9101.835			 3783176979
1664	      49921			9115.480			 2244324995
1663	      18940			9130.052			 5950400686
1695	    1017392			9148.183			  111592928
1694	      33170			9270.569			 3593632251
1691	    1352845			9361.082			   91307163
1692	      87751			9466.634			 1465895677
1693	      37142			9505.106			 3514111134
1696	      13671			9564.781			 9762961932
1713	      55282			9776.060			 2605629499
1714	      66827			10017.119			 2336638530
1715	      63643			10018.569			 2454656317
1730	     272937			10267.774			  617513266
1004	       4591			10770.639			42017634428
1005	     145278			10774.895			 1329231193
1569	   10134809			10810.482			   19241692
0040	    1605036			10824.609			  121877514
0047	     486751			10846.084			  404097702
0031	   12046300			10846.787			   16343129
0852	      15001			10857.445			13150592943
0035	     228657			10869.815			  865526558
0039	     272394			10885.678			  729573471
0537	     261852			10894.195			  760637316
0252	     446566			10895.244			  446142443
0251	   87105033			10895.828			    2300008
1176	     995626			10922.968			  201580286
1291	      32743			10924.523			 6131650096
0975	     274309			10927.508			  732498511
0030	     108602			10932.838			 1852755958
0036	     850759			10950.174			  237614269
1175	      46410			10955.412			 4361653570
1129	      18627			10986.170			10957782561
1130	       6201			11021.679			33237614349
0029	     302682			11030.249			  682538487
0041	     130842			11034.313			 1580705754
0939	     774503			11043.873			  267761552
0038	 1031454162			11068.882			     215102
0032	     494692			11070.680			  422382840
0034	   15905440			11099.974			   13259974
0027	 2101161483			11102.945			     113035
0908	    1943474			11108.000			  108681773
0042	    1180465			11150.093			  181161599
0043	   15838501			11151.052			   13517880
1342	        918			11165.109			233919106075
1080	      66887			11177.780			 3224054126
1081	     567567			11186.698			  381008492
0033	   38115435			11193.824			    5698647
0028	   53755768			11203.019			    4055957
0045	   45561086			11216.954			    4804258
1177	      96146			11219.267			 2272238517
0254	   36998634			11234.293			    5946076
0046	  186716693			11243.328			    1191968
0044	   10603278			11245.538			   20792034
0782	      30069			11249.321			 7336560641
0781	      90013			11290.305			 2484697978
0938	    5952399			11290.745			   37592355
1387	       4787			11305.011			46958710178
0255	    2946768			11324.427			   76820409
1038	      10233			11334.653			22199474586
0253	    1860159			11344.935			  122588610
1037	     176448			11346.058			 1292767971
0037	   17753532			11358.164			   12918496
1758	      38495			11434.200			 6129777086
1759	     118020			11588.323			 2143358761
0049	   73665162			11646.925			    3554025
0050	     130716			11652.299			 2001336490
0048	 1773718716			11652.544			     160727
1760	      17112			11843.147			17268630102
0256	     686552			11909.315			  453098164
