BH ID	Infall time [Gyr]	Infall mass [Msun]
52	0.0722685150856	8701268.95453
53	0.113218077991	215801.758191
54	0.291724365604	73375.4064667
55	0.803466377139	73829081.2981
56	0.914945304159	50618.3751884
57	1.06760428631	22941531.3858
58	0.956552048608	93076.7418695
59	0.803483195087	18474.1911362
60	2.03801309933	80818528.5923
61	2.01953968756	2516714.49226
62	4.26582494207	147758707.775
63	4.21002787096	13150.9467318
64	4.25367153027	1135861.86375
257	0.555762915365	85514.9941884
482	6.40771484506	14301842.7699
483	6.56344440011	1407426.59805
620	1.82006721153	2213987.24378
621	1.82595419541	7467.40569743
622	2.41612080415	2212421.50402
623	2.64069483267	43594686.6318
624	2.71460352791	330092.881779
625	2.54258988609	161406.020594
626	3.53519416124	1916183.69715
627	4.84210869252	2657729.09253
628	4.93705438319	256629.479482
676	1.9710180942	64918.6334501
677	2.39836754685	91151343.3028
678	2.33216617746	2000.89577104
679	2.67672657478	530660.439165
680	2.53791357093	56649901.4211
681	4.05555445726	690219.366001
682	4.94311257872	70369.0093932
714	2.49995970174	5324167.26061
715	2.21926417542	100510.626878
716	2.23758882097	10215.3088115
717	2.46855825812	2677.61753477
718	4.2789340532	842137654.927
719	4.23601302599	231925.358904
720	4.24275872637	738637.16285
721	4.30403575324	243244.20521
722	4.16364554224	167979.740418
783	4.25216139507	468572.338177
830	4.23315396636	12817.1339941
853	3.29893492783	4275.40513914
854	7.53540607599	129706004.052
855	7.72634729925	516751.979024
856	7.77063543288	139326.454531
857	7.53482801948	2277332.92317
857	7.53482801948	2277332.92317
857	7.55467531286	2198730.26619
857	7.55467531286	2198730.26619
858	7.45853575442	26408.1215402
859	7.71889644875	40470.4587959
860	7.67956669445	1075875.48216
861	7.70588202304	2779106.03697
862	7.78025731609	3583560.11158
909	3.44435400219	59772.9766437
910	3.35354122612	50923.7916769
911	4.25418345592	169483.642221
912	7.76477064967	26119.6790735
913	7.64446306977	556126.763183
914	7.72252684834	105171.459257
915	7.58518799748	19686.14273
916	7.7940706857	22639.3193203
940	3.59129776037	2273692.8982
941	3.51249826966	8525.20444401
942	7.50425872021	82802.0334431
943	7.62323903633	3549.22694748
976	4.21677654691	8556.84623023
977	4.15057716802	580512.27601
978	7.42329065113	589851.032939
979	7.45920202747	27994.6149284
980	7.48682117826	48286.0695325
1006	4.19932219982	187802.267605
1007	4.21746880144	27329.6955378
1008	4.20359902775	15984.1586323
1009	4.25765856434	5212.4150805
1039	4.27893725112	1937023.61861
1040	4.23140872308	363338.537389
1041	4.15456026663	279189.948037
1042	4.33631684618	95788.4805973
1082	4.16425399278	10570.4994541
1131	4.62703838431	290403.636391
1132	4.9328995773	720599.477203
1133	5.9031249349	1362867.58195
1134	6.52979051495	141137.172797
1178	4.55742122249	21642.5366325
1179	4.74684355195	135658.230367
1180	7.74217527834	914857.179713
1243	4.97952196099	76554.1400728
1244	4.806301576	758.293961822
1343	5.38918688818	84959.6911982
1432	5.99673227789	67231.1170603
1433	5.88596784795	186961.160801
1434	6.02538459864	17018.7322937
1506	6.58237796313	462543.600301
1507	6.44196031939	10848.0642568
1612	8.07377460552	4750062.8271
1613	7.99522081206	23365.1038612
1629	8.36801505846	250003078.661
1666	8.99052481932	2899078.69159
1667	8.90230492399	5291340.28482
1668	9.09977839151	333870.168049
1669	8.8475517002	68865.9687274
1670	8.99582974588	10387.5702491
1671	8.90075738144	109763.520825
1672	8.74609590204	1258.65447671
1673	8.684977728	29362.2000663
1697	9.56618876045	1066569.64158
