  1.5654E+03  1.0000E+02  0.0000E+00  0.0000E+00  0.0000E+00  2.0600E+02  0.0000E+00  4.8006E+06  0.0000E+00  2.0600E+04  2.0709E+01
  1.5655E+03  9.9995E+01  2.0599E+01 -1.7789E-05 -9.8445E-02  2.0599E+02 -2.0619E-04  4.8024E+06  6.2606E-04  2.0600E+04  2.0876E+01
  1.5656E+03  9.9980E+01  4.1196E+01 -3.4382E-06 -1.9358E-01  2.0595E+02  2.9593E-04  4.8042E+06  1.2524E-03  2.0599E+04  2.1345E+01
  1.5657E+03  9.9957E+01  6.1789E+01  1.6093E-05 -2.8205E-01  2.0590E+02  2.8499E-04  4.8060E+06  1.8791E-03  2.0599E+04  2.2038E+01
  1.5658E+03  9.9924E+01  8.2376E+01  6.5685E-05 -3.6295E-01  2.0584E+02  3.7875E-04  4.8077E+06  2.5062E-03  2.0598E+04  2.2870E+01
  1.5659E+03  9.9884E+01  1.0296E+02  1.2950E-04 -4.3636E-01  2.0577E+02  8.1571E-04  4.8095E+06  3.1335E-03  2.0598E+04  2.3774E+01
  1.5660E+03  9.9837E+01  1.2353E+02  1.9295E-04 -5.0245E-01  2.0569E+02  5.8848E-04  4.8113E+06  3.7611E-03  2.0598E+04  2.4704E+01
  1.5661E+03  9.9784E+01  1.4409E+02  2.5381E-04 -5.6208E-01  2.0561E+02  5.4993E-04  4.8131E+06  4.3891E-03  2.0597E+04  2.5630E+01
  1.5662E+03  9.9725E+01  1.6465E+02  2.8136E-04 -6.1622E-01  2.0552E+02  1.0580E-04  4.8149E+06  5.0174E-03  2.0597E+04  2.6538E+01
  1.5663E+03  9.9661E+01  1.8520E+02  2.7442E-04 -6.6570E-01  2.0543E+02 -1.1549E-04  4.8167E+06  5.6461E-03  2.0597E+04  2.7417E+01
  1.5664E+03  9.9592E+01  2.0574E+02  2.3430E-04 -7.1105E-01  2.0534E+02 -4.5145E-04  4.8185E+06  6.2750E-03  2.0597E+04  2.8265E+01
  1.5665E+03  9.9519E+01  2.2627E+02  1.9924E-04 -7.5268E-01  2.0525E+02 -3.0156E-04  4.8203E+06  6.9043E-03  2.0596E+04  2.9081E+01
  1.5666E+03  9.9442E+01  2.4679E+02  1.4169E-04 -7.9101E-01  2.0516E+02 -7.2856E-04  4.8220E+06  7.5339E-03  2.0596E+04  2.9864E+01
  1.5667E+03  9.9361E+01  2.6730E+02  7.7291E-05 -8.2685E-01  2.0506E+02 -6.4992E-04  4.8238E+06  8.1638E-03  2.0596E+04  3.0615E+01
  1.5668E+03  9.9276E+01  2.8780E+02  2.8355E-06 -8.6023E-01  2.0497E+02 -7.5067E-04  4.8256E+06  8.7940E-03  2.0596E+04  3.1337E+01
  1.5669E+03  9.9189E+01  3.0829E+02 -5.3799E-05 -8.9153E-01  2.0487E+02 -3.7299E-04  4.8274E+06  9.4246E-03  2.0596E+04  3.2031E+01
  1.5670E+03  9.9098E+01  3.2877E+02 -6.5858E-05 -9.2113E-01  2.0477E+02  3.8228E-05  4.8292E+06  1.0055E-02  2.0595E+04  3.2698E+01
  1.5671E+03  9.9005E+01  3.4925E+02 -4.7955E-05 -9.4893E-01  2.0468E+02  1.8593E-04  4.8310E+06  1.0687E-02  2.0595E+04  3.3340E+01
  1.5672E+03  9.8908E+01  3.6971E+02 -3.9242E-05 -9.7540E-01  2.0458E+02 -7.7770E-05  4.8328E+06  1.1318E-02  2.0595E+04  3.3959E+01
  1.5673E+03  9.8810E+01  3.9016E+02 -4.0642E-05 -1.0003E+00  2.0448E+02 -5.3765E-05  4.8346E+06  1.1950E-02  2.0595E+04  3.4556E+01
  1.5674E+03  9.8708E+01  4.1061E+02 -6.2732E-05 -1.0240E+00  2.0439E+02 -4.3008E-04  4.8364E+06  1.2582E-02  2.0595E+04  3.5133E+01
  1.5675E+03  9.8605E+01  4.3104E+02 -1.0980E-04 -1.0467E+00  2.0429E+02 -5.5072E-04  4.8382E+06  1.3215E-02  2.0595E+04  3.5690E+01
  1.5676E+03  9.8499E+01  4.5146E+02 -1.6279E-04 -1.0683E+00  2.0419E+02 -6.6375E-04  4.8400E+06  1.3848E-02  2.0595E+04  3.6230E+01
  1.5677E+03  9.8391E+01  4.7188E+02 -2.3496E-04 -1.0887E+00  2.0409E+02 -7.6145E-04  4.8418E+06  1.4481E-02  2.0595E+04  3.6753E+01
  1.5678E+03  9.8281E+01  4.9228E+02 -3.0337E-04 -1.1086E+00  2.0399E+02 -7.1413E-04  4.8436E+06  1.5114E-02  2.0595E+04  3.7259E+01
  1.5679E+03  9.8169E+01  5.1268E+02 -3.7215E-04 -1.1276E+00  2.0390E+02 -6.7425E-04  4.8454E+06  1.5748E-02  2.0595E+04  3.7751E+01
  1.5680E+03  9.8056E+01  5.3306E+02 -4.2913E-04 -1.1457E+00  2.0380E+02 -4.2665E-04  4.8472E+06  1.6382E-02  2.0594E+04  3.8229E+01
  1.5681E+03  9.7940E+01  5.5344E+02 -4.6988E-04 -1.1633E+00  2.0370E+02 -4.3471E-04  4.8490E+06  1.7017E-02  2.0594E+04  3.8693E+01
  1.5682E+03  9.7823E+01  5.7380E+02 -5.1375E-04 -1.1800E+00  2.0360E+02 -4.3119E-04  4.8508E+06  1.7651E-02  2.0594E+04  3.9144E+01
  1.5683E+03  9.7704E+01  5.9416E+02 -5.4193E-04 -1.1961E+00  2.0351E+02 -2.1619E-04  4.8526E+06  1.8287E-02  2.0594E+04  3.9584E+01
  1.5684E+03  9.7584E+01  6.1450E+02 -5.6214E-04 -1.2119E+00  2.0341E+02 -2.1013E-04  4.8544E+06  1.8922E-02  2.0594E+04  4.0012E+01
  1.5685E+03  9.7462E+01  6.3484E+02 -5.7611E-04 -1.2269E+00  2.0331E+02  2.7408E-05  4.8562E+06  1.9558E-02  2.0594E+04  4.0429E+01
  1.5686E+03  9.7339E+01  6.5516E+02 -5.6745E-04 -1.2414E+00  2.0321E+02  3.0992E-05  4.8580E+06  2.0194E-02  2.0594E+04  4.0836E+01
  1.5687E+03  9.7214E+01  6.7548E+02 -5.5954E-04 -1.2556E+00  2.0311E+02  2.5739E-05  4.8598E+06  2.0830E-02  2.0594E+04  4.1233E+01
  1.5688E+03  9.7087E+01  6.9579E+02 -5.7217E-04 -1.2694E+00  2.0302E+02 -1.8825E-04  4.8616E+06  2.1467E-02  2.0594E+04  4.1620E+01
  1.5689E+03  9.6960E+01  7.1608E+02 -5.9179E-04 -1.2829E+00  2.0292E+02 -2.1330E-04  4.8634E+06  2.2104E-02  2.0594E+04  4.1999E+01
  1.5690E+03  9.6831E+01  7.3637E+02 -6.1931E-04 -1.2958E+00  2.0282E+02 -3.4544E-04  4.8652E+06  2.2741E-02  2.0593E+04  4.2369E+01
  1.5691E+03  9.6701E+01  7.5665E+02 -6.4650E-04 -1.3084E+00  2.0272E+02 -2.1785E-04  4.8670E+06  2.3379E-02  2.0593E+04  4.2731E+01
  1.5692E+03  9.6569E+01  7.7692E+02 -6.6773E-04 -1.3206E+00  2.0263E+02 -2.6818E-04  4.8688E+06  2.4017E-02  2.0593E+04  4.3086E+01
  1.5693E+03  9.6437E+01  7.9717E+02 -6.9122E-04 -1.3326E+00  2.0253E+02 -2.4530E-04  4.8706E+06  2.4656E-02  2.0593E+04  4.3432E+01
  1.5694E+03  9.6303E+01  8.1742E+02 -7.2333E-04 -1.3441E+00  2.0243E+02 -3.9097E-04  4.8724E+06  2.5294E-02  2.0593E+04  4.3772E+01
  1.5695E+03  9.6168E+01  8.3766E+02 -7.6434E-04 -1.3552E+00  2.0233E+02 -3.6662E-04  4.8742E+06  2.5933E-02  2.0593E+04  4.4104E+01
  1.5696E+03  9.6032E+01  8.5789E+02 -7.9769E-04 -1.3662E+00  2.0223E+02 -3.4741E-04  4.8760E+06  2.6573E-02  2.0593E+04  4.4430E+01
  1.5697E+03  9.5895E+01  8.7811E+02 -8.2125E-04 -1.3768E+00  2.0214E+02 -2.6379E-04  4.8778E+06  2.7212E-02  2.0593E+04  4.4749E+01
  1.5698E+03  9.5756E+01  8.9831E+02 -8.4505E-04 -1.3872E+00  2.0204E+02 -1.6138E-04  4.8796E+06  2.7852E-02  2.0593E+04  4.5063E+01
  1.5699E+03  9.5617E+01  9.1851E+02 -8.5973E-04 -1.3974E+00  2.0194E+02 -1.3650E-04  4.8814E+06  2.8493E-02  2.0593E+04  4.5370E+01
  1.5700E+03  9.5477E+01  9.3870E+02 -8.8417E-04 -1.4076E+00  2.0184E+02 -3.3166E-04  4.8832E+06  2.9133E-02  2.0593E+04  4.5672E+01
  1.5701E+03  9.5336E+01  9.5888E+02 -9.2221E-04 -1.4173E+00  2.0175E+02 -4.4921E-04  4.8850E+06  2.9774E-02  2.0593E+04  4.5968E+01
  1.5702E+03  9.5193E+01  9.7905E+02 -9.6564E-04 -1.4269E+00  2.0165E+02 -4.1520E-04  4.8868E+06  3.0416E-02  2.0593E+04  4.6259E+01
  1.5703E+03  9.5050E+01  9.9921E+02 -1.0054E-03 -1.4363E+00  2.0155E+02 -3.7984E-04  4.8886E+06  3.1057E-02  2.0593E+04  4.6544E+01
  1.5704E+03  9.4906E+01  1.0194E+03 -1.0413E-03 -1.4455E+00  2.0146E+02 -4.6582E-04  4.8904E+06  3.1699E-02  2.0593E+04  4.6825E+01
  1.5705E+03  9.4761E+01  1.0395E+03 -1.0909E-03 -1.4544E+00  2.0136E+02 -4.7783E-04  4.8922E+06  3.2342E-02  2.0593E+04  4.7101E+01
  1.5706E+03  9.4615E+01  1.0596E+03 -1.1448E-03 -1.4630E+00  2.0126E+02 -5.9893E-04  4.8941E+06  3.2984E-02  2.0593E+04  4.7372E+01
  1.5707E+03  9.4469E+01  1.0798E+03 -1.2036E-03 -1.4715E+00  2.0116E+02 -5.9042E-04  4.8959E+06  3.3627E-02  2.0593E+04  4.7639E+01
  1.5708E+03  9.4321E+01  1.0999E+03 -1.2583E-03 -1.4799E+00  2.0107E+02 -5.2264E-04  4.8977E+06  3.4271E-02  2.0593E+04  4.7901E+01
  1.5709E+03  9.4173E+01  1.1200E+03 -1.3202E-03 -1.4883E+00  2.0097E+02 -7.0946E-04  4.8995E+06  3.4914E-02  2.0593E+04  4.8159E+01
  1.5710E+03  9.4023E+01  1.1401E+03 -1.4002E-03 -1.4962E+00  2.0087E+02 -8.2842E-04  4.9013E+06  3.5558E-02  2.0593E+04  4.8413E+01
  1.5711E+03  9.3873E+01  1.1601E+03 -1.4877E-03 -1.5042E+00  2.0078E+02 -8.7427E-04  4.9031E+06  3.6202E-02  2.0593E+04  4.8663E+01
  1.5712E+03  9.3723E+01  1.1802E+03 -1.5744E-03 -1.5120E+00  2.0068E+02 -8.6570E-04  4.9049E+06  3.6847E-02  2.0593E+04  4.8909E+01
  1.5713E+03  9.3571E+01  1.2003E+03 -1.6631E-03 -1.5197E+00  2.0058E+02 -8.6042E-04  4.9067E+06  3.7492E-02  2.0593E+04  4.9151E+01
  1.5714E+03  9.3419E+01  1.2203E+03 -1.7560E-03 -1.5272E+00  2.0049E+02 -9.6284E-04  4.9086E+06  3.8137E-02  2.0593E+04  4.9390E+01
  1.5715E+03  9.3266E+01  1.2404E+03 -1.8484E-03 -1.5345E+00  2.0039E+02 -8.3996E-04  4.9104E+06  3.8783E-02  2.0593E+04  4.9625E+01
  1.5716E+03  9.3112E+01  1.2604E+03 -1.9324E-03 -1.5416E+00  2.0029E+02 -7.8539E-04  4.9122E+06  3.9429E-02  2.0593E+04  4.9857E+01
  1.5717E+03  9.2957E+01  1.2804E+03 -2.0170E-03 -1.5487E+00  2.0020E+02 -9.0762E-04  4.9140E+06  4.0075E-02  2.0593E+04  5.0085E+01
  1.5718E+03  9.2802E+01  1.3005E+03 -2.1114E-03 -1.5557E+00  2.0010E+02 -1.0401E-03  4.9158E+06  4.0722E-02  2.0593E+04  5.0310E+01
  1.5719E+03  9.2646E+01  1.3205E+03 -2.2189E-03 -1.5625E+00  2.0001E+02 -1.0108E-03  4.9176E+06  4.1369E-02  2.0593E+04  5.0532E+01
  1.5720E+03  9.2489E+01  1.3405E+03 -2.3024E-03 -1.5695E+00  1.9991E+02 -7.0854E-04  4.9194E+06  4.2016E-02  2.0593E+04  5.0751E+01
  1.5721E+03  9.2332E+01  1.3604E+03 -2.3809E-03 -1.5760E+00  1.9981E+02 -7.8807E-04  4.9213E+06  4.2663E-02  2.0593E+04  5.0967E+01
  1.5722E+03  9.2174E+01  1.3804E+03 -2.4671E-03 -1.5824E+00  1.9972E+02 -8.4290E-04  4.9231E+06  4.3311E-02  2.0593E+04  5.1180E+01
  1.5723E+03  9.2016E+01  1.4004E+03 -2.5462E-03 -1.5887E+00  1.9962E+02 -8.1282E-04  4.9249E+06  4.3960E-02  2.0593E+04  5.1390E+01
  1.5724E+03  9.1857E+01  1.4203E+03 -2.6203E-03 -1.5949E+00  1.9953E+02 -6.1275E-04  4.9267E+06  4.4608E-02  2.0593E+04  5.1597E+01
  1.5725E+03  9.1697E+01  1.4403E+03 -2.6804E-03 -1.6012E+00  1.9943E+02 -6.0624E-04  4.9285E+06  4.5257E-02  2.0593E+04  5.1802E+01
  1.5726E+03  9.1536E+01  1.4602E+03 -2.7512E-03 -1.6072E+00  1.9933E+02 -8.2527E-04  4.9304E+06  4.5906E-02  2.0593E+04  5.2004E+01
  1.5727E+03  9.1375E+01  1.4802E+03 -2.8390E-03 -1.6131E+00  1.9924E+02 -9.4124E-04  4.9322E+06  4.6556E-02  2.0593E+04  5.2203E+01
  1.5728E+03  9.1214E+01  1.5001E+03 -2.9306E-03 -1.6189E+00  1.9914E+02 -9.1716E-04  4.9340E+06  4.7206E-02  2.0593E+04  5.2399E+01
  1.5729E+03  9.1052E+01  1.5200E+03 -3.0179E-03 -1.6246E+00  1.9905E+02 -9.1051E-04  4.9358E+06  4.7856E-02  2.0593E+04  5.2594E+01
  1.5730E+03  9.0889E+01  1.5399E+03 -3.1080E-03 -1.6302E+00  1.9895E+02 -8.3863E-04  4.9376E+06  4.8507E-02  2.0593E+04  5.2785E+01
  1.5731E+03  9.0725E+01  1.5598E+03 -3.1929E-03 -1.6358E+00  1.9885E+02 -8.7455E-04  4.9395E+06  4.9157E-02  2.0593E+04  5.2975E+01
  1.5732E+03  9.0562E+01  1.5797E+03 -3.2773E-03 -1.6412E+00  1.9876E+02 -8.4790E-04  4.9413E+06  4.9809E-02  2.0593E+04  5.3162E+01
  1.5733E+03  9.0397E+01  1.5995E+03 -3.3581E-03 -1.6466E+00  1.9866E+02 -8.7943E-04  4.9431E+06  5.0460E-02  2.0592E+04  5.3347E+01
  1.5734E+03  9.0232E+01  1.6194E+03 -3.4437E-03 -1.6520E+00  1.9857E+02 -8.2043E-04  4.9449E+06  5.1112E-02  2.0593E+04  5.3530E+01
  1.5735E+03  9.0067E+01  1.6392E+03 -3.5189E-03 -1.6572E+00  1.9847E+02 -8.0153E-04  4.9467E+06  5.1764E-02  2.0592E+04  5.3710E+01
  1.5736E+03  8.9901E+01  1.6591E+03 -3.6080E-03 -1.6625E+00  1.9838E+02 -8.8961E-04  4.9486E+06  5.2417E-02  2.0592E+04  5.3889E+01
  1.5737E+03  8.9734E+01  1.6789E+03 -3.6954E-03 -1.6675E+00  1.9828E+02 -8.3570E-04  4.9504E+06  5.3070E-02  2.0592E+04  5.4065E+01
  1.5738E+03  8.9567E+01  1.6987E+03 -3.7680E-03 -1.6726E+00  1.9819E+02 -7.1652E-04  4.9522E+06  5.3723E-02  2.0592E+04  5.4239E+01
  1.5739E+03  8.9400E+01  1.7186E+03 -3.8304E-03 -1.6774E+00  1.9809E+02 -5.5017E-04  4.9540E+06  5.4377E-02  2.0592E+04  5.4411E+01
  1.5740E+03  8.9232E+01  1.7384E+03 -3.8875E-03 -1.6822E+00  1.9800E+02 -5.5107E-04  4.9559E+06  5.5030E-02  2.0592E+04  5.4582E+01
  1.5741E+03  8.9063E+01  1.7582E+03 -3.9421E-03 -1.6870E+00  1.9790E+02 -5.3604E-04  4.9577E+06  5.5685E-02  2.0592E+04  5.4750E+01
  1.5742E+03  8.8894E+01  1.7779E+03 -3.9946E-03 -1.6918E+00  1.9781E+02 -5.6096E-04  4.9595E+06  5.6339E-02  2.0592E+04  5.4917E+01
  1.5743E+03  8.8725E+01  1.7977E+03 -4.0563E-03 -1.6964E+00  1.9771E+02 -5.7112E-04  4.9614E+06  5.6994E-02  2.0592E+04  5.5082E+01
  1.5744E+03  8.8555E+01  1.8175E+03 -4.1120E-03 -1.7010E+00  1.9762E+02 -5.1273E-04  4.9632E+06  5.7649E-02  2.0592E+04  5.5245E+01
  1.5745E+03  8.8385E+01  1.8372E+03 -4.1591E-03 -1.7056E+00  1.9752E+02 -3.8810E-04  4.9650E+06  5.8305E-02  2.0592E+04  5.5406E+01
  1.5746E+03  8.8214E+01  1.8570E+03 -4.1961E-03 -1.7101E+00  1.9743E+02 -2.9868E-04  4.9668E+06  5.8961E-02  2.0592E+04  5.5565E+01
  1.5747E+03  8.8043E+01  1.8767E+03 -4.2254E-03 -1.7146E+00  1.9733E+02 -3.3316E-04  4.9687E+06  5.9617E-02  2.0592E+04  5.5723E+01
  1.5748E+03  8.7871E+01  1.8965E+03 -4.2501E-03 -1.7191E+00  1.9724E+02 -2.3313E-04  4.9705E+06  6.0273E-02  2.0592E+04  5.5879E+01
  1.5749E+03  8.7699E+01  1.9162E+03 -4.2782E-03 -1.7233E+00  1.9714E+02 -2.8035E-04  4.9723E+06  6.0930E-02  2.0592E+04  5.6034E+01
  1.5750E+03  8.7526E+01  1.9359E+03 -4.2960E-03 -1.7274E+00  1.9705E+02 -1.3812E-04  4.9742E+06  6.1588E-02  2.0591E+04  5.6187E+01
  1.5751E+03  8.7354E+01  1.9556E+03 -4.3115E-03 -1.7318E+00  1.9696E+02 -1.2970E-04  4.9760E+06  6.2245E-02  2.0591E+04  5.6338E+01
  1.5752E+03  8.7180E+01  1.9753E+03 -4.3241E-03 -1.7359E+00  1.9686E+02 -1.3160E-04  4.9778E+06  6.2903E-02  2.0591E+04  5.6488E+01
  1.5753E+03  8.7006E+01  1.9950E+03 -4.3326E-03 -1.7400E+00  1.9677E+02 -1.0065E-04  4.9797E+06  6.3561E-02  2.0591E+04  5.6636E+01
  1.5754E+03  8.6832E+01  2.0146E+03 -4.3444E-03 -1.7441E+00  1.9667E+02 -1.4718E-04  4.9815E+06  6.4220E-02  2.0591E+04  5.6783E+01
  1.5755E+03  8.6658E+01  2.0343E+03 -4.3580E-03 -1.7482E+00  1.9658E+02 -1.1685E-04  4.9833E+06  6.4879E-02  2.0591E+04  5.6928E+01
  1.5756E+03  8.6483E+01  2.0539E+03 -4.3717E-03 -1.7520E+00  1.9648E+02 -1.4784E-04  4.9852E+06  6.5538E-02  2.0591E+04  5.7072E+01
  1.5757E+03  8.6307E+01  2.0736E+03 -4.3869E-03 -1.7558E+00  1.9639E+02 -1.7015E-04  4.9870E+06  6.6197E-02  2.0591E+04  5.7215E+01
  1.5758E+03  8.6131E+01  2.0932E+03 -4.3959E-03 -1.7596E+00  1.9630E+02 -3.9380E-05  4.9888E+06  6.6857E-02  2.0591E+04  5.7356E+01
  1.5759E+03  8.5955E+01  2.1128E+03 -4.4041E-03 -1.7634E+00  1.9620E+02 -1.2174E-04  4.9907E+06  6.7518E-02  2.0590E+04  5.7496E+01
  1.5760E+03  8.5779E+01  2.1325E+03 -4.4082E-03 -1.7672E+00  1.9611E+02  4.9850E-05  4.9925E+06  6.8178E-02  2.0590E+04  5.7634E+01
  1.5761E+03  8.5602E+01  2.1521E+03 -4.4044E-03 -1.7709E+00  1.9601E+02  4.6122E-05  4.9943E+06  6.8839E-02  2.0590E+04  5.7771E+01
  1.5762E+03  8.5425E+01  2.1717E+03 -4.3951E-03 -1.7746E+00  1.9592E+02  1.2982E-04  4.9962E+06  6.9500E-02  2.0590E+04  5.7907E+01
  1.5763E+03  8.5247E+01  2.1912E+03 -4.3836E-03 -1.7783E+00  1.9583E+02  1.1807E-04  4.9980E+06  7.0162E-02  2.0590E+04  5.8042E+01
  1.5764E+03  8.5069E+01  2.2108E+03 -4.3704E-03 -1.7819E+00  1.9573E+02  1.3448E-04  4.9998E+06  7.0824E-02  2.0590E+04  5.8175E+01
  1.5765E+03  8.4890E+01  2.2304E+03 -4.3518E-03 -1.7855E+00  1.9564E+02  1.9281E-04  5.0017E+06  7.1486E-02  2.0590E+04  5.8307E+01
  1.5766E+03  8.4712E+01  2.2500E+03 -4.3262E-03 -1.7890E+00  1.9555E+02  2.5102E-04  5.0035E+06  7.2149E-02  2.0590E+04  5.8438E+01
  1.5767E+03  8.4533E+01  2.2695E+03 -4.3061E-03 -1.7925E+00  1.9545E+02  1.8818E-04  5.0054E+06  7.2811E-02  2.0590E+04  5.8568E+01
  1.5768E+03  8.4353E+01  2.2890E+03 -4.2859E-03 -1.7958E+00  1.9536E+02  2.3060E-04  5.0072E+06  7.3475E-02  2.0590E+04  5.8696E+01
  1.5769E+03  8.4174E+01  2.3086E+03 -4.2620E-03 -1.7994E+00  1.9527E+02  2.0807E-04  5.0090E+06  7.4138E-02  2.0590E+04  5.8824E+01
  1.5770E+03  8.3993E+01  2.3281E+03 -4.2336E-03 -1.8027E+00  1.9517E+02  3.7805E-04  5.0109E+06  7.4802E-02  2.0590E+04  5.8950E+01
  1.5771E+03  8.3813E+01  2.3476E+03 -4.1979E-03 -1.8059E+00  1.9508E+02  2.9646E-04  5.0127E+06  7.5466E-02  2.0590E+04  5.9075E+01
  1.5772E+03  8.3632E+01  2.3671E+03 -4.1743E-03 -1.8092E+00  1.9499E+02  1.7981E-04  5.0146E+06  7.6131E-02  2.0590E+04  5.9199E+01
  1.5773E+03  8.3451E+01  2.3866E+03 -4.1526E-03 -1.8126E+00  1.9489E+02  2.0839E-04  5.0164E+06  7.6796E-02  2.0590E+04  5.9322E+01
  1.5774E+03  8.3270E+01  2.4061E+03 -4.1265E-03 -1.8159E+00  1.9480E+02  3.6065E-04  5.0182E+06  7.7461E-02  2.0590E+04  5.9444E+01
  1.5775E+03  8.3088E+01  2.4256E+03 -4.0887E-03 -1.8192E+00  1.9471E+02  3.9813E-04  5.0201E+06  7.8127E-02  2.0590E+04  5.9565E+01
  1.5776E+03  8.2906E+01  2.4450E+03 -4.0511E-03 -1.8224E+00  1.9461E+02  3.8975E-04  5.0219E+06  7.8793E-02  2.0590E+04  5.9685E+01
  1.5777E+03  8.2723E+01  2.4645E+03 -4.0125E-03 -1.8256E+00  1.9452E+02  3.8096E-04  5.0238E+06  7.9459E-02  2.0591E+04  5.9803E+01
  1.5778E+03  8.2541E+01  2.4839E+03 -3.9712E-03 -1.8287E+00  1.9443E+02  3.8597E-04  5.0256E+06  8.0126E-02  2.0591E+04  5.9921E+01
  1.5779E+03  8.2358E+01  2.5034E+03 -3.9268E-03 -1.8319E+00  1.9434E+02  4.3695E-04  5.0275E+06  8.0793E-02  2.0591E+04  6.0038E+01
  1.5780E+03  8.2174E+01  2.5228E+03 -3.8807E-03 -1.8349E+00  1.9424E+02  3.9810E-04  5.0293E+06  8.1460E-02  2.0591E+04  6.0154E+01
  1.5781E+03  8.1991E+01  2.5422E+03 -3.8347E-03 -1.8380E+00  1.9415E+02  5.1942E-04  5.0312E+06  8.2128E-02  2.0591E+04  6.0269E+01
  1.5782E+03  8.1807E+01  2.5616E+03 -3.7827E-03 -1.8410E+00  1.9406E+02  5.7741E-04  5.0330E+06  8.2796E-02  2.0591E+04  6.0383E+01
  1.5783E+03  8.1623E+01  2.5810E+03 -3.7209E-03 -1.8439E+00  1.9396E+02  6.4132E-04  5.0349E+06  8.3464E-02  2.0591E+04  6.0496E+01
  1.5784E+03  8.1438E+01  2.6004E+03 -3.6536E-03 -1.8468E+00  1.9387E+02  6.6355E-04  5.0367E+06  8.4132E-02  2.0591E+04  6.0608E+01
  1.5785E+03  8.1253E+01  2.6198E+03 -3.5918E-03 -1.8495E+00  1.9378E+02  6.0187E-04  5.0385E+06  8.4801E-02  2.0591E+04  6.0719E+01
  1.5786E+03  8.1068E+01  2.6392E+03 -3.5295E-03 -1.8524E+00  1.9369E+02  6.9846E-04  5.0404E+06  8.5471E-02  2.0591E+04  6.0829E+01
  1.5787E+03  8.0883E+01  2.6585E+03 -3.4585E-03 -1.8551E+00  1.9359E+02  7.1341E-04  5.0422E+06  8.6140E-02  2.0590E+04  6.0939E+01
  1.5788E+03  8.0697E+01  2.6779E+03 -3.3857E-03 -1.8579E+00  1.9350E+02  7.7451E-04  5.0441E+06  8.6810E-02  2.0590E+04  6.1047E+01
  1.5789E+03  8.0511E+01  2.6972E+03 -3.3059E-03 -1.8607E+00  1.9341E+02  8.4368E-04  5.0459E+06  8.7481E-02  2.0590E+04  6.1155E+01
  1.5790E+03  8.0325E+01  2.7166E+03 -3.2205E-03 -1.8633E+00  1.9332E+02  8.8496E-04  5.0478E+06  8.8151E-02  2.0590E+04  6.1262E+01
  1.5791E+03  8.0138E+01  2.7359E+03 -3.1360E-03 -1.8660E+00  1.9323E+02  7.5390E-04  5.0496E+06  8.8822E-02  2.0590E+04  6.1368E+01
  1.5792E+03  7.9952E+01  2.7552E+03 -3.0622E-03 -1.8687E+00  1.9313E+02  7.6036E-04  5.0515E+06  8.9494E-02  2.0590E+04  6.1473E+01
  1.5793E+03  7.9765E+01  2.7745E+03 -2.9905E-03 -1.8713E+00  1.9304E+02  6.7147E-04  5.0533E+06  9.0165E-02  2.0590E+04  6.1577E+01
  1.5794E+03  7.9577E+01  2.7938E+03 -2.9213E-03 -1.8740E+00  1.9295E+02  7.1696E-04  5.0552E+06  9.0838E-02  2.0590E+04  6.1681E+01
  1.5795E+03  7.9390E+01  2.8131E+03 -2.8416E-03 -1.8767E+00  1.9286E+02  8.2192E-04  5.0571E+06  9.1510E-02  2.0590E+04  6.1784E+01
  1.5796E+03  7.9202E+01  2.8324E+03 -2.7593E-03 -1.8791E+00  1.9277E+02  8.3983E-04  5.0589E+06  9.2183E-02  2.0590E+04  6.1886E+01
  1.5797E+03  7.9014E+01  2.8517E+03 -2.6813E-03 -1.8815E+00  1.9267E+02  7.3746E-04  5.0608E+06  9.2856E-02  2.0589E+04  6.1987E+01
  1.5798E+03  7.8826E+01  2.8709E+03 -2.6037E-03 -1.8840E+00  1.9258E+02  7.6006E-04  5.0626E+06  9.3529E-02  2.0589E+04  6.2087E+01
  1.5799E+03  7.8637E+01  2.8902E+03 -2.5271E-03 -1.8865E+00  1.9249E+02  7.7327E-04  5.0645E+06  9.4203E-02  2.0589E+04  6.2187E+01
  1.5800E+03  7.8449E+01  2.9094E+03 -2.4448E-03 -1.8890E+00  1.9240E+02  7.6441E-04  5.0663E+06  9.4877E-02  2.0589E+04  6.2286E+01
  1.5801E+03  7.8260E+01  2.9287E+03 -2.3719E-03 -1.8914E+00  1.9231E+02  6.1277E-04  5.0682E+06  9.5551E-02  2.0589E+04  6.2384E+01
  1.5802E+03  7.8070E+01  2.9479E+03 -2.3090E-03 -1.8938E+00  1.9222E+02  6.4251E-04  5.0700E+06  9.6226E-02  2.0589E+04  6.2482E+01
  1.5803E+03  7.7881E+01  2.9671E+03 -2.2432E-03 -1.8962E+00  1.9212E+02  6.3389E-04  5.0719E+06  9.6901E-02  2.0589E+04  6.2579E+01
  1.5804E+03  7.7691E+01  2.9863E+03 -2.1760E-03 -1.8985E+00  1.9203E+02  7.0813E-04  5.0737E+06  9.7577E-02  2.0589E+04  6.2675E+01
  1.5805E+03  7.7501E+01  3.0055E+03 -2.1091E-03 -1.9008E+00  1.9194E+02  6.6079E-04  5.0756E+06  9.8252E-02  2.0589E+04  6.2770E+01
  1.5806E+03  7.7311E+01  3.0247E+03 -2.0326E-03 -1.9031E+00  1.9185E+02  7.7696E-04  5.0775E+06  9.8928E-02  2.0588E+04  6.2865E+01
  1.5807E+03  7.7120E+01  3.0439E+03 -1.9542E-03 -1.9054E+00  1.9176E+02  7.4720E-04  5.0793E+06  9.9605E-02  2.0588E+04  6.2959E+01
  1.5808E+03  7.6930E+01  3.0631E+03 -1.8812E-03 -1.9077E+00  1.9167E+02  7.5158E-04  5.0812E+06  1.0028E-01  2.0588E+04  6.3052E+01
  1.5809E+03  7.6739E+01  3.0822E+03 -1.8083E-03 -1.9100E+00  1.9158E+02  7.2949E-04  5.0830E+06  1.0096E-01  2.0588E+04  6.3145E+01
  1.5810E+03  7.6548E+01  3.1014E+03 -1.7326E-03 -1.9123E+00  1.9148E+02  7.8706E-04  5.0849E+06  1.0164E-01  2.0588E+04  6.3237E+01
  1.5811E+03  7.6356E+01  3.1205E+03 -1.6594E-03 -1.9145E+00  1.9139E+02  7.0317E-04  5.0868E+06  1.0231E-01  2.0588E+04  6.3329E+01
  1.5812E+03  7.6165E+01  3.1397E+03 -1.5912E-03 -1.9168E+00  1.9130E+02  6.7577E-04  5.0886E+06  1.0299E-01  2.0588E+04  6.3420E+01
  1.5813E+03  7.5973E+01  3.1588E+03 -1.5271E-03 -1.9189E+00  1.9121E+02  5.6594E-04  5.0905E+06  1.0367E-01  2.0588E+04  6.3510E+01
  1.5814E+03  7.5781E+01  3.1779E+03 -1.4651E-03 -1.9212E+00  1.9112E+02  6.6397E-04  5.0923E+06  1.0435E-01  2.0589E+04  6.3599E+01
  1.5815E+03  7.5589E+01  3.1970E+03 -1.3965E-03 -1.9233E+00  1.9103E+02  6.6811E-04  5.0942E+06  1.0503E-01  2.0589E+04  6.3688E+01
  1.5816E+03  7.5396E+01  3.2161E+03 -1.3304E-03 -1.9254E+00  1.9094E+02  6.3668E-04  5.0961E+06  1.0571E-01  2.0588E+04  6.3777E+01
  1.5817E+03  7.5204E+01  3.2352E+03 -1.2655E-03 -1.9276E+00  1.9085E+02  6.7195E-04  5.0979E+06  1.0639E-01  2.0588E+04  6.3864E+01
  1.5818E+03  7.5011E+01  3.2543E+03 -1.1998E-03 -1.9298E+00  1.9076E+02  6.1986E-04  5.0998E+06  1.0707E-01  2.0589E+04  6.3952E+01
  1.5819E+03  7.4818E+01  3.2734E+03 -1.1449E-03 -1.9319E+00  1.9067E+02  5.5233E-04  5.1017E+06  1.0775E-01  2.0589E+04  6.4038E+01
  1.5820E+03  7.4625E+01  3.2924E+03 -1.0924E-03 -1.9340E+00  1.9058E+02  5.2416E-04  5.1035E+06  1.0843E-01  2.0589E+04  6.4124E+01
  1.5821E+03  7.4431E+01  3.3115E+03 -1.0410E-03 -1.9361E+00  1.9048E+02  5.2385E-04  5.1054E+06  1.0911E-01  2.0589E+04  6.4210E+01
  1.5822E+03  7.4237E+01  3.3305E+03 -9.8871E-04 -1.9381E+00  1.9039E+02  5.3253E-04  5.1073E+06  1.0979E-01  2.0589E+04  6.4294E+01
  1.5823E+03  7.4043E+01  3.3495E+03 -9.3409E-04 -1.9400E+00  1.9030E+02  5.5351E-04  5.1091E+06  1.1047E-01  2.0589E+04  6.4379E+01
  1.5824E+03  7.3849E+01  3.3686E+03 -8.8365E-04 -1.9421E+00  1.9021E+02  5.0486E-04  5.1110E+06  1.1116E-01  2.0589E+04  6.4462E+01
  1.5825E+03  7.3655E+01  3.3876E+03 -8.3134E-04 -1.9441E+00  1.9012E+02  5.6646E-04  5.1129E+06  1.1184E-01  2.0589E+04  6.4546E+01
  1.5826E+03  7.3461E+01  3.4066E+03 -7.7620E-04 -1.9459E+00  1.9003E+02  5.6822E-04  5.1147E+06  1.1252E-01  2.0589E+04  6.4628E+01
  1.5827E+03  7.3266E+01  3.4256E+03 -7.2302E-04 -1.9479E+00  1.8994E+02  4.6580E-04  5.1166E+06  1.1321E-01  2.0589E+04  6.4710E+01
  1.5828E+03  7.3071E+01  3.4446E+03 -6.8003E-04 -1.9497E+00  1.8985E+02  4.0999E-04  5.1185E+06  1.1389E-01  2.0589E+04  6.4792E+01
  1.5829E+03  7.2876E+01  3.4636E+03 -6.4710E-04 -1.9516E+00  1.8976E+02  3.1746E-04  5.1203E+06  1.1457E-01  2.0589E+04  6.4873E+01
  1.5830E+03  7.2681E+01  3.4825E+03 -6.1803E-04 -1.9535E+00  1.8967E+02  2.4803E-04  5.1222E+06  1.1526E-01  2.0589E+04  6.4954E+01
  1.5831E+03  7.2485E+01  3.5015E+03 -5.9178E-04 -1.9553E+00  1.8958E+02  2.6313E-04  5.1241E+06  1.1594E-01  2.0588E+04  6.5034E+01
  1.5832E+03  7.2290E+01  3.5205E+03 -5.6718E-04 -1.9572E+00  1.8949E+02  2.2852E-04  5.1260E+06  1.1663E-01  2.0588E+04  6.5113E+01
  1.5833E+03  7.2094E+01  3.5394E+03 -5.4310E-04 -1.9590E+00  1.8940E+02  2.9777E-04  5.1278E+06  1.1731E-01  2.0588E+04  6.5192E+01
  1.5834E+03  7.1898E+01  3.5583E+03 -5.1140E-04 -1.9608E+00  1.8931E+02  3.9514E-04  5.1297E+06  1.1800E-01  2.0588E+04  6.5271E+01
  1.5835E+03  7.1702E+01  3.5773E+03 -4.7369E-04 -1.9626E+00  1.8922E+02  4.2335E-04  5.1316E+06  1.1868E-01  2.0588E+04  6.5349E+01
  1.5836E+03  7.1505E+01  3.5962E+03 -4.2666E-04 -1.9644E+00  1.8913E+02  4.8096E-04  5.1334E+06  1.1937E-01  2.0588E+04  6.5426E+01
  1.5837E+03  7.1309E+01  3.6151E+03 -3.7889E-04 -1.9660E+00  1.8904E+02  4.5357E-04  5.1353E+06  1.2006E-01  2.0588E+04  6.5503E+01
  1.5838E+03  7.1112E+01  3.6340E+03 -3.3617E-04 -1.9678E+00  1.8895E+02  4.1660E-04  5.1372E+06  1.2074E-01  2.0588E+04  6.5580E+01
  1.5839E+03  7.0915E+01  3.6529E+03 -2.9414E-04 -1.9695E+00  1.8886E+02  4.7575E-04  5.1391E+06  1.2143E-01  2.0588E+04  6.5656E+01
  1.5840E+03  7.0718E+01  3.6718E+03 -2.4543E-04 -1.9713E+00  1.8877E+02  4.8373E-04  5.1409E+06  1.2212E-01  2.0588E+04  6.5732E+01
  1.5841E+03  7.0521E+01  3.6906E+03 -1.9100E-04 -1.9729E+00  1.8868E+02  4.8393E-04  5.1428E+06  1.2281E-01  2.0587E+04  6.5807E+01
  1.5842E+03  7.0324E+01  3.7095E+03 -1.4163E-04 -1.9746E+00  1.8859E+02  4.6168E-04  5.1447E+06  1.2350E-01  2.0587E+04  6.5882E+01
  1.5843E+03  7.0126E+01  3.7283E+03 -9.6611E-05 -1.9764E+00  1.8850E+02  4.1552E-04  5.1466E+06  1.2419E-01  2.0588E+04  6.5956E+01
  1.5844E+03  6.9928E+01  3.7472E+03 -5.7536E-05 -1.9781E+00  1.8841E+02  4.0670E-04  5.1484E+06  1.2487E-01  2.0588E+04  6.6030E+01
  1.5845E+03  6.9730E+01  3.7660E+03 -1.2760E-05 -1.9797E+00  1.8832E+02  4.6316E-04  5.1503E+06  1.2556E-01  2.0588E+04  6.6103E+01
  1.5846E+03  6.9532E+01  3.7849E+03  3.2356E-05 -1.9814E+00  1.8823E+02  4.2682E-04  5.1522E+06  1.2625E-01  2.0588E+04  6.6176E+01
  1.5847E+03  6.9334E+01  3.8037E+03  7.2035E-05 -1.9830E+00  1.8815E+02  3.7956E-04  5.1541E+06  1.2694E-01  2.0588E+04  6.6249E+01
  1.5848E+03  6.9136E+01  3.8225E+03  1.0739E-04 -1.9847E+00  1.8806E+02  3.1960E-04  5.1560E+06  1.2763E-01  2.0588E+04  6.6321E+01
  1.5849E+03  6.8937E+01  3.8413E+03  1.4319E-04 -1.9863E+00  1.8797E+02  4.0722E-04  5.1578E+06  1.2833E-01  2.0588E+04  6.6393E+01
  1.5850E+03  6.8738E+01  3.8601E+03  1.8307E-04 -1.9878E+00  1.8788E+02  3.6306E-04  5.1597E+06  1.2902E-01  2.0588E+04  6.6464E+01
  1.5851E+03  6.8540E+01  3.8789E+03  2.1933E-04 -1.9893E+00  1.8779E+02  3.2284E-04  5.1616E+06  1.2971E-01  2.0587E+04  6.6535E+01
  1.5852E+03  6.8341E+01  3.8976E+03  2.4965E-04 -1.9909E+00  1.8770E+02  2.4923E-04  5.1635E+06  1.3040E-01  2.0587E+04  6.6605E+01
  1.5853E+03  6.8141E+01  3.9164E+03  2.7183E-04 -1.9925E+00  1.8761E+02  1.9713E-04  5.1654E+06  1.3109E-01  2.0587E+04  6.6676E+01
  1.5854E+03  6.7942E+01  3.9352E+03  2.9360E-04 -1.9940E+00  1.8752E+02  2.4812E-04  5.1672E+06  1.3179E-01  2.0587E+04  6.6745E+01
  1.5855E+03  6.7743E+01  3.9539E+03  3.1570E-04 -1.9955E+00  1.8743E+02  2.6522E-04  5.1691E+06  1.3248E-01  2.0587E+04  6.6814E+01
  1.5856E+03  6.7543E+01  3.9726E+03  3.4244E-04 -1.9970E+00  1.8734E+02  2.7134E-04  5.1710E+06  1.3317E-01  2.0587E+04  6.6883E+01
  1.5857E+03  6.7343E+01  3.9914E+03  3.7087E-04 -1.9985E+00  1.8726E+02  2.3594E-04  5.1729E+06  1.3387E-01  2.0587E+04  6.6952E+01
  1.5858E+03  6.7143E+01  4.0101E+03  3.9185E-04 -1.9999E+00  1.8717E+02  2.3951E-04  5.1748E+06  1.3456E-01  2.0587E+04  6.7020E+01
  1.5859E+03  6.6943E+01  4.0288E+03  4.1722E-04 -2.0014E+00  1.8708E+02  2.7378E-04  5.1767E+06  1.3525E-01  2.0587E+04  6.7087E+01
  1.5860E+03  6.6743E+01  4.0475E+03  4.4730E-04 -2.0029E+00  1.8699E+02  2.7399E-04  5.1785E+06  1.3595E-01  2.0587E+04  6.7155E+01
  1.5861E+03  6.6543E+01  4.0662E+03  4.7333E-04 -2.0044E+00  1.8690E+02  2.6096E-04  5.1804E+06  1.3664E-01  2.0587E+04  6.7222E+01
  1.5862E+03  6.6342E+01  4.0849E+03  5.0074E-04 -2.0057E+00  1.8681E+02  3.0436E-04  5.1823E+06  1.3734E-01  2.0586E+04  6.7288E+01
  1.5863E+03  6.6142E+01  4.1036E+03  5.3727E-04 -2.0071E+00  1.8672E+02  4.1129E-04  5.1842E+06  1.3803E-01  2.0587E+04  6.7354E+01
  1.5864E+03  6.5941E+01  4.1222E+03  5.7799E-04 -2.0085E+00  1.8663E+02  3.8418E-04  5.1861E+06  1.3873E-01  2.0586E+04  6.7420E+01
  1.5865E+03  6.5740E+01  4.1409E+03  6.1532E-04 -2.0098E+00  1.8655E+02  4.2914E-04  5.1880E+06  1.3943E-01  2.0586E+04  6.7486E+01
  1.5866E+03  6.5539E+01  4.1595E+03  6.6038E-04 -2.0112E+00  1.8646E+02  4.9288E-04  5.1899E+06  1.4012E-01  2.0586E+04  6.7551E+01
  1.5867E+03  6.5338E+01  4.1782E+03  7.1000E-04 -2.0126E+00  1.8637E+02  5.1912E-04  5.1917E+06  1.4082E-01  2.0586E+04  6.7616E+01
  1.5868E+03  6.5136E+01  4.1968E+03  7.6229E-04 -2.0139E+00  1.8628E+02  5.1176E-04  5.1936E+06  1.4152E-01  2.0586E+04  6.7680E+01
  1.5869E+03  6.4935E+01  4.2154E+03  8.1166E-04 -2.0154E+00  1.8619E+02  4.7344E-04  5.1955E+06  1.4222E-01  2.0586E+04  6.7744E+01
  1.5870E+03  6.4733E+01  4.2341E+03  8.5383E-04 -2.0168E+00  1.8610E+02  3.8434E-04  5.1974E+06  1.4291E-01  2.0586E+04  6.7808E+01
  1.5871E+03  6.4531E+01  4.2527E+03  8.9351E-04 -2.0181E+00  1.8602E+02  4.1631E-04  5.1993E+06  1.4361E-01  2.0586E+04  6.7871E+01
  1.5872E+03  6.4330E+01  4.2713E+03  9.2958E-04 -2.0194E+00  1.8593E+02  3.4065E-04  5.2012E+06  1.4431E-01  2.0586E+04  6.7934E+01
  1.5873E+03  6.4128E+01  4.2899E+03  9.6504E-04 -2.0207E+00  1.8584E+02  3.7861E-04  5.2031E+06  1.4501E-01  2.0586E+04  6.7997E+01
  1.5874E+03  6.3925E+01  4.3084E+03  1.0001E-03 -2.0220E+00  1.8575E+02  3.2969E-04  5.2050E+06  1.4571E-01  2.0586E+04  6.8059E+01
  1.5875E+03  6.3723E+01  4.3270E+03  1.0370E-03 -2.0234E+00  1.8566E+02  3.8040E-04  5.2069E+06  1.4641E-01  2.0586E+04  6.8121E+01
  1.5876E+03  6.3521E+01  4.3456E+03  1.0728E-03 -2.0247E+00  1.8558E+02  3.0138E-04  5.2088E+06  1.4711E-01  2.0586E+04  6.8183E+01
  1.5877E+03  6.3318E+01  4.3641E+03  1.1003E-03 -2.0260E+00  1.8549E+02  2.7474E-04  5.2107E+06  1.4781E-01  2.0586E+04  6.8244E+01
  1.5878E+03  6.3116E+01  4.3827E+03  1.1356E-03 -2.0272E+00  1.8540E+02  4.1897E-04  5.2125E+06  1.4851E-01  2.0586E+04  6.8305E+01
  1.5879E+03  6.2913E+01  4.4012E+03  1.1731E-03 -2.0285E+00  1.8531E+02  3.4687E-04  5.2144E+06  1.4921E-01  2.0586E+04  6.8366E+01
  1.5880E+03  6.2710E+01  4.4197E+03  1.2056E-03 -2.0298E+00  1.8522E+02  3.1017E-04  5.2163E+06  1.4992E-01  2.0586E+04  6.8426E+01
  1.5881E+03  6.2507E+01  4.4382E+03  1.2367E-03 -2.0310E+00  1.8514E+02  3.0324E-04  5.2182E+06  1.5062E-01  2.0586E+04  6.8486E+01
  1.5882E+03  6.2304E+01  4.4568E+03  1.2660E-03 -2.0322E+00  1.8505E+02  2.8516E-04  5.2201E+06  1.5132E-01  2.0586E+04  6.8546E+01
  1.5883E+03  6.2100E+01  4.4753E+03  1.2910E-03 -2.0335E+00  1.8496E+02  2.6684E-04  5.2220E+06  1.5202E-01  2.0586E+04  6.8606E+01
  1.5884E+03  6.1897E+01  4.4937E+03  1.3186E-03 -2.0347E+00  1.8487E+02  2.5481E-04  5.2239E+06  1.5273E-01  2.0587E+04  6.8665E+01
  1.5885E+03  6.1693E+01  4.5122E+03  1.3413E-03 -2.0359E+00  1.8479E+02  2.3565E-04  5.2258E+06  1.5343E-01  2.0586E+04  6.8724E+01
  1.5886E+03  6.1490E+01  4.5307E+03  1.3674E-03 -2.0370E+00  1.8470E+02  2.7096E-04  5.2277E+06  1.5413E-01  2.0586E+04  6.8782E+01
  1.5887E+03  6.1286E+01  4.5492E+03  1.3937E-03 -2.0382E+00  1.8461E+02  2.7468E-04  5.2296E+06  1.5484E-01  2.0586E+04  6.8840E+01
  1.5888E+03  6.1082E+01  4.5676E+03  1.4242E-03 -2.0394E+00  1.8452E+02  3.0255E-04  5.2315E+06  1.5554E-01  2.0586E+04  6.8898E+01
  1.5889E+03  6.0878E+01  4.5861E+03  1.4566E-03 -2.0406E+00  1.8444E+02  2.9549E-04  5.2334E+06  1.5625E-01  2.0586E+04  6.8956E+01
  1.5890E+03  6.0674E+01  4.6045E+03  1.4909E-03 -2.0417E+00  1.8435E+02  3.8516E-04  5.2353E+06  1.5695E-01  2.0586E+04  6.9013E+01
  1.5891E+03  6.0470E+01  4.6229E+03  1.5257E-03 -2.0428E+00  1.8426E+02  3.3381E-04  5.2372E+06  1.5766E-01  2.0586E+04  6.9071E+01
  1.5892E+03  6.0265E+01  4.6414E+03  1.5572E-03 -2.0440E+00  1.8417E+02  2.5887E-04  5.2391E+06  1.5836E-01  2.0587E+04  6.9127E+01
  1.5893E+03  6.0061E+01  4.6598E+03  1.5810E-03 -2.0453E+00  1.8409E+02  2.2205E-04  5.2410E+06  1.5907E-01  2.0587E+04  6.9184E+01
  1.5894E+03  5.9856E+01  4.6782E+03  1.6055E-03 -2.0462E+00  1.8400E+02  2.4557E-04  5.2429E+06  1.5978E-01  2.0586E+04  6.9240E+01
  1.5895E+03  5.9652E+01  4.6966E+03  1.6298E-03 -2.0473E+00  1.8391E+02  2.6333E-04  5.2448E+06  1.6048E-01  2.0586E+04  6.9296E+01
  1.5896E+03  5.9447E+01  4.7150E+03  1.6566E-03 -2.0484E+00  1.8383E+02  2.9861E-04  5.2467E+06  1.6119E-01  2.0586E+04  6.9352E+01
  1.5897E+03  5.9242E+01  4.7333E+03  1.6882E-03 -2.0495E+00  1.8374E+02  2.9133E-04  5.2486E+06  1.6190E-01  2.0586E+04  6.9407E+01
  1.5898E+03  5.9037E+01  4.7517E+03  1.7181E-03 -2.0505E+00  1.8365E+02  3.0327E-04  5.2505E+06  1.6261E-01  2.0586E+04  6.9462E+01
  1.5899E+03  5.8832E+01  4.7701E+03  1.7533E-03 -2.0516E+00  1.8356E+02  3.8586E-04  5.2524E+06  1.6331E-01  2.0586E+04  6.9517E+01
  1.5900E+03  5.8627E+01  4.7884E+03  1.7902E-03 -2.0526E+00  1.8348E+02  3.6205E-04  5.2543E+06  1.6402E-01  2.0585E+04  6.9572E+01
  1.5901E+03  5.8421E+01  4.8068E+03  1.8270E-03 -2.0536E+00  1.8339E+02  3.5374E-04  5.2562E+06  1.6473E-01  2.0585E+04  6.9626E+01
  1.5902E+03  5.8216E+01  4.8251E+03  1.8644E-03 -2.0547E+00  1.8330E+02  3.8510E-04  5.2581E+06  1.6544E-01  2.0585E+04  6.9680E+01
  1.5903E+03  5.8011E+01  4.8434E+03  1.9078E-03 -2.0558E+00  1.8322E+02  4.6884E-04  5.2600E+06  1.6615E-01  2.0586E+04  6.9734E+01
  1.5904E+03  5.7805E+01  4.8617E+03  1.9569E-03 -2.0568E+00  1.8313E+02  4.5682E-04  5.2620E+06  1.6686E-01  2.0585E+04  6.9788E+01
  1.5905E+03  5.7599E+01  4.8801E+03  2.0022E-03 -2.0578E+00  1.8304E+02  4.9803E-04  5.2639E+06  1.6757E-01  2.0586E+04  6.9841E+01
  1.5906E+03  5.7393E+01  4.8984E+03  2.0500E-03 -2.0588E+00  1.8296E+02  4.6514E-04  5.2658E+06  1.6828E-01  2.0585E+04  6.9894E+01
  1.5907E+03  5.7187E+01  4.9166E+03  2.0928E-03 -2.0598E+00  1.8287E+02  3.9225E-04  5.2677E+06  1.6899E-01  2.0585E+04  6.9947E+01
  1.5908E+03  5.6981E+01  4.9349E+03  2.1339E-03 -2.0609E+00  1.8278E+02  4.1083E-04  5.2696E+06  1.6971E-01  2.0585E+04  6.9999E+01
  1.5909E+03  5.6775E+01  4.9532E+03  2.1751E-03 -2.0619E+00  1.8270E+02  4.0433E-04  5.2715E+06  1.7042E-01  2.0586E+04  7.0052E+01
  1.5910E+03  5.6569E+01  4.9715E+03  2.2199E-03 -2.0629E+00  1.8261E+02  4.4546E-04  5.2734E+06  1.7113E-01  2.0586E+04  7.0104E+01
  1.5911E+03  5.6363E+01  4.9897E+03  2.2593E-03 -2.0638E+00  1.8252E+02  3.9079E-04  5.2753E+06  1.7184E-01  2.0585E+04  7.0156E+01
  1.5912E+03  5.6156E+01  5.0080E+03  2.2969E-03 -2.0647E+00  1.8244E+02  3.6623E-04  5.2772E+06  1.7256E-01  2.0585E+04  7.0207E+01
  1.5913E+03  5.5950E+01  5.0262E+03  2.3256E-03 -2.0657E+00  1.8235E+02  2.6143E-04  5.2791E+06  1.7327E-01  2.0585E+04  7.0259E+01
  1.5914E+03  5.5743E+01  5.0444E+03  2.3530E-03 -2.0666E+00  1.8227E+02  2.7594E-04  5.2810E+06  1.7398E-01  2.0585E+04  7.0310E+01
  1.5915E+03  5.5536E+01  5.0627E+03  2.3773E-03 -2.0676E+00  1.8218E+02  1.9749E-04  5.2830E+06  1.7470E-01  2.0585E+04  7.0361E+01
  1.5916E+03  5.5330E+01  5.0809E+03  2.4003E-03 -2.0686E+00  1.8209E+02  2.8170E-04  5.2849E+06  1.7541E-01  2.0586E+04  7.0411E+01
  1.5917E+03  5.5123E+01  5.0991E+03  2.4290E-03 -2.0695E+00  1.8201E+02  3.0638E-04  5.2868E+06  1.7613E-01  2.0586E+04  7.0462E+01
  1.5918E+03  5.4916E+01  5.1173E+03  2.4622E-03 -2.0705E+00  1.8192E+02  3.8921E-04  5.2887E+06  1.7684E-01  2.0586E+04  7.0512E+01
  1.5919E+03  5.4709E+01  5.1355E+03  2.5043E-03 -2.0714E+00  1.8184E+02  4.0403E-04  5.2906E+06  1.7756E-01  2.0586E+04  7.0562E+01
  1.5920E+03  5.4501E+01  5.1536E+03  2.5480E-03 -2.0723E+00  1.8175E+02  4.3461E-04  5.2925E+06  1.7827E-01  2.0585E+04  7.0611E+01
  1.5921E+03  5.4294E+01  5.1718E+03  2.5973E-03 -2.0732E+00  1.8166E+02  5.5171E-04  5.2944E+06  1.7899E-01  2.0586E+04  7.0661E+01
  1.5922E+03  5.4087E+01  5.1900E+03  2.6504E-03 -2.0741E+00  1.8158E+02  5.4267E-04  5.2964E+06  1.7970E-01  2.0585E+04  7.0710E+01
  1.5923E+03  5.3879E+01  5.2081E+03  2.7096E-03 -2.0750E+00  1.8149E+02  6.1538E-04  5.2983E+06  1.8042E-01  2.0586E+04  7.0759E+01
  1.5924E+03  5.3672E+01  5.2263E+03  2.7654E-03 -2.0759E+00  1.8141E+02  5.2269E-04  5.3002E+06  1.8114E-01  2.0586E+04  7.0808E+01
  1.5925E+03  5.3464E+01  5.2444E+03  2.8149E-03 -2.0768E+00  1.8132E+02  4.6726E-04  5.3021E+06  1.8186E-01  2.0586E+04  7.0857E+01
  1.5926E+03  5.3256E+01  5.2625E+03  2.8599E-03 -2.0777E+00  1.8123E+02  4.4924E-04  5.3040E+06  1.8257E-01  2.0586E+04  7.0905E+01
  1.5927E+03  5.3049E+01  5.2807E+03  2.9009E-03 -2.0785E+00  1.8115E+02  3.3668E-04  5.3059E+06  1.8329E-01  2.0586E+04  7.0953E+01
  1.5928E+03  5.2841E+01  5.2988E+03  2.9348E-03 -2.0794E+00  1.8106E+02  3.2852E-04  5.3079E+06  1.8401E-01  2.0586E+04  7.1001E+01
  1.5929E+03  5.2633E+01  5.3169E+03  2.9672E-03 -2.0802E+00  1.8098E+02  2.8987E-04  5.3098E+06  1.8473E-01  2.0586E+04  7.1049E+01
  1.5930E+03  5.2425E+01  5.3350E+03  2.9972E-03 -2.0811E+00  1.8089E+02  3.3450E-04  5.3117E+06  1.8545E-01  2.0586E+04  7.1097E+01
  1.5931E+03  5.2216E+01  5.3531E+03  3.0354E-03 -2.0820E+00  1.8081E+02  4.1300E-04  5.3136E+06  1.8617E-01  2.0586E+04  7.1144E+01
  1.5932E+03  5.2008E+01  5.3711E+03  3.0784E-03 -2.0828E+00  1.8072E+02  4.1604E-04  5.3155E+06  1.8689E-01  2.0586E+04  7.1191E+01
  1.5933E+03  5.1800E+01  5.3892E+03  3.1210E-03 -2.0836E+00  1.8063E+02  3.7566E-04  5.3175E+06  1.8761E-01  2.0586E+04  7.1238E+01
  1.5934E+03  5.1592E+01  5.4073E+03  3.1610E-03 -2.0844E+00  1.8055E+02  4.0650E-04  5.3194E+06  1.8833E-01  2.0586E+04  7.1285E+01
  1.5935E+03  5.1383E+01  5.4253E+03  3.2005E-03 -2.0852E+00  1.8046E+02  3.6363E-04  5.3213E+06  1.8905E-01  2.0586E+04  7.1331E+01
  1.5936E+03  5.1174E+01  5.4433E+03  3.2386E-03 -2.0860E+00  1.8038E+02  4.0702E-04  5.3232E+06  1.8977E-01  2.0585E+04  7.1377E+01
  1.5937E+03  5.0966E+01  5.4614E+03  3.2839E-03 -2.0867E+00  1.8029E+02  4.4062E-04  5.3251E+06  1.9049E-01  2.0585E+04  7.1424E+01
  1.5938E+03  5.0757E+01  5.4794E+03  3.3307E-03 -2.0876E+00  1.8021E+02  4.8582E-04  5.3271E+06  1.9122E-01  2.0586E+04  7.1469E+01
  1.5939E+03  5.0548E+01  5.4974E+03  3.3780E-03 -2.0884E+00  1.8012E+02  4.3547E-04  5.3290E+06  1.9194E-01  2.0586E+04  7.1515E+01
  1.5940E+03  5.0339E+01  5.5154E+03  3.4202E-03 -2.0891E+00  1.8004E+02  4.5585E-04  5.3309E+06  1.9266E-01  2.0585E+04  7.1561E+01
  1.5941E+03  5.0131E+01  5.5334E+03  3.4592E-03 -2.0899E+00  1.7995E+02  3.5383E-04  5.3328E+06  1.9339E-01  2.0585E+04  7.1606E+01
  1.5942E+03  4.9921E+01  5.5514E+03  3.4902E-03 -2.0906E+00  1.7987E+02  2.9483E-04  5.3348E+06  1.9411E-01  2.0585E+04  7.1651E+01
  1.5943E+03  4.9712E+01  5.5694E+03  3.5198E-03 -2.0914E+00  1.7978E+02  3.2035E-04  5.3367E+06  1.9483E-01  2.0585E+04  7.1696E+01
  1.5944E+03  4.9503E+01  5.5874E+03  3.5523E-03 -2.0922E+00  1.7970E+02  3.4035E-04  5.3386E+06  1.9556E-01  2.0585E+04  7.1741E+01
  1.5945E+03  4.9294E+01  5.6053E+03  3.5849E-03 -2.0929E+00  1.7961E+02  3.1406E-04  5.3405E+06  1.9628E-01  2.0585E+04  7.1785E+01
  1.5946E+03  4.9085E+01  5.6233E+03  3.6165E-03 -2.0936E+00  1.7953E+02  2.9476E-04  5.3425E+06  1.9701E-01  2.0585E+04  7.1830E+01
  1.5947E+03  4.8875E+01  5.6413E+03  3.6515E-03 -2.0944E+00  1.7944E+02  3.7174E-04  5.3444E+06  1.9773E-01  2.0585E+04  7.1874E+01
  1.5948E+03  4.8666E+01  5.6592E+03  3.6870E-03 -2.0951E+00  1.7936E+02  3.5065E-04  5.3463E+06  1.9846E-01  2.0585E+04  7.1918E+01
  1.5949E+03  4.8456E+01  5.6771E+03  3.7258E-03 -2.0958E+00  1.7927E+02  4.2824E-04  5.3483E+06  1.9918E-01  2.0585E+04  7.1962E+01
  1.5950E+03  4.8247E+01  5.6950E+03  3.7632E-03 -2.0965E+00  1.7919E+02  3.5068E-04  5.3502E+06  1.9991E-01  2.0585E+04  7.2005E+01
  1.5951E+03  4.8037E+01  5.7130E+03  3.8026E-03 -2.0973E+00  1.7910E+02  3.7716E-04  5.3521E+06  2.0064E-01  2.0585E+04  7.2049E+01
  1.5952E+03  4.7827E+01  5.7309E+03  3.8369E-03 -2.0979E+00  1.7902E+02  3.3428E-04  5.3540E+06  2.0137E-01  2.0585E+04  7.2092E+01
  1.5953E+03  4.7617E+01  5.7488E+03  3.8706E-03 -2.0987E+00  1.7893E+02  3.7439E-04  5.3560E+06  2.0209E-01  2.0585E+04  7.2135E+01
  1.5954E+03  4.7407E+01  5.7667E+03  3.9086E-03 -2.0994E+00  1.7885E+02  3.8182E-04  5.3579E+06  2.0282E-01  2.0585E+04  7.2178E+01
  1.5955E+03  4.7197E+01  5.7845E+03  3.9447E-03 -2.1000E+00  1.7876E+02  3.3969E-04  5.3598E+06  2.0355E-01  2.0585E+04  7.2221E+01
  1.5956E+03  4.6987E+01  5.8024E+03  3.9783E-03 -2.1007E+00  1.7868E+02  3.6190E-04  5.3618E+06  2.0428E-01  2.0585E+04  7.2264E+01
  1.5957E+03  4.6777E+01  5.8203E+03  4.0142E-03 -2.1013E+00  1.7860E+02  3.4229E-04  5.3637E+06  2.0501E-01  2.0584E+04  7.2306E+01
  1.5958E+03  4.6567E+01  5.8381E+03  4.0493E-03 -2.1020E+00  1.7851E+02  3.3826E-04  5.3656E+06  2.0574E-01  2.0584E+04  7.2348E+01
  1.5959E+03  4.6357E+01  5.8560E+03  4.0835E-03 -2.1027E+00  1.7843E+02  3.4031E-04  5.3676E+06  2.0647E-01  2.0584E+04  7.2390E+01
  1.5960E+03  4.6147E+01  5.8738E+03  4.1167E-03 -2.1034E+00  1.7834E+02  3.3343E-04  5.3695E+06  2.0720E-01  2.0585E+04  7.2432E+01
  1.5961E+03  4.5936E+01  5.8916E+03  4.1479E-03 -2.1040E+00  1.7826E+02  3.0680E-04  5.3714E+06  2.0793E-01  2.0584E+04  7.2474E+01
  1.5962E+03  4.5726E+01  5.9095E+03  4.1782E-03 -2.1047E+00  1.7817E+02  3.1309E-04  5.3734E+06  2.0866E-01  2.0585E+04  7.2516E+01
  1.5963E+03  4.5515E+01  5.9273E+03  4.2089E-03 -2.1053E+00  1.7809E+02  3.1267E-04  5.3753E+06  2.0939E-01  2.0585E+04  7.2557E+01
  1.5964E+03  4.5305E+01  5.9451E+03  4.2409E-03 -2.1059E+00  1.7800E+02  3.5753E-04  5.3772E+06  2.1012E-01  2.0584E+04  7.2598E+01
  1.5965E+03  4.5094E+01  5.9629E+03  4.2741E-03 -2.1065E+00  1.7792E+02  3.0040E-04  5.3792E+06  2.1085E-01  2.0584E+04  7.2639E+01
  1.5966E+03  4.4883E+01  5.9807E+03  4.3084E-03 -2.1071E+00  1.7784E+02  3.6276E-04  5.3811E+06  2.1158E-01  2.0584E+04  7.2680E+01
  1.5967E+03  4.4673E+01  5.9984E+03  4.3465E-03 -2.1077E+00  1.7775E+02  4.3128E-04  5.3831E+06  2.1232E-01  2.0583E+04  7.2721E+01
  1.5968E+03  4.4462E+01  6.0162E+03  4.3925E-03 -2.1083E+00  1.7767E+02  4.6901E-04  5.3850E+06  2.1305E-01  2.0584E+04  7.2761E+01
  1.5969E+03  4.4251E+01  6.0340E+03  4.4406E-03 -2.1090E+00  1.7758E+02  4.6832E-04  5.3869E+06  2.1378E-01  2.0584E+04  7.2802E+01
  1.5970E+03  4.4040E+01  6.0517E+03  4.4908E-03 -2.1096E+00  1.7750E+02  4.7429E-04  5.3889E+06  2.1452E-01  2.0584E+04  7.2842E+01
  1.5971E+03  4.3829E+01  6.0695E+03  4.5331E-03 -2.1103E+00  1.7742E+02  3.7630E-04  5.3908E+06  2.1525E-01  2.0584E+04  7.2882E+01
  1.5972E+03  4.3618E+01  6.0872E+03  4.5681E-03 -2.1109E+00  1.7733E+02  3.0808E-04  5.3928E+06  2.1599E-01  2.0584E+04  7.2922E+01
  1.5973E+03  4.3407E+01  6.1049E+03  4.6049E-03 -2.1114E+00  1.7725E+02  3.9362E-04  5.3947E+06  2.1672E-01  2.0584E+04  7.2962E+01
  1.5974E+03  4.3196E+01  6.1227E+03  4.6456E-03 -2.1121E+00  1.7716E+02  3.9264E-04  5.3966E+06  2.1746E-01  2.0584E+04  7.3002E+01
  1.5975E+03  4.2985E+01  6.1404E+03  4.6829E-03 -2.1126E+00  1.7708E+02  3.8236E-04  5.3986E+06  2.1819E-01  2.0584E+04  7.3041E+01
  1.5976E+03  4.2773E+01  6.1581E+03  4.7246E-03 -2.1130E+00  1.7700E+02  4.0933E-04  5.4005E+06  2.1893E-01  2.0583E+04  7.3080E+01
  1.5977E+03  4.2562E+01  6.1758E+03  4.7696E-03 -2.1136E+00  1.7691E+02  4.2234E-04  5.4025E+06  2.1966E-01  2.0583E+04  7.3120E+01
  1.5978E+03  4.2351E+01  6.1935E+03  4.8116E-03 -2.1142E+00  1.7683E+02  4.0069E-04  5.4044E+06  2.2040E-01  2.0583E+04  7.3159E+01
  1.5979E+03  4.2139E+01  6.2111E+03  4.8540E-03 -2.1147E+00  1.7675E+02  4.8939E-04  5.4064E+06  2.2114E-01  2.0583E+04  7.3198E+01
  1.5980E+03  4.1928E+01  6.2288E+03  4.9023E-03 -2.1152E+00  1.7666E+02  4.3186E-04  5.4083E+06  2.2187E-01  2.0582E+04  7.3236E+01
  1.5981E+03  4.1716E+01  6.2465E+03  4.9454E-03 -2.1158E+00  1.7658E+02  4.5864E-04  5.4102E+06  2.2261E-01  2.0582E+04  7.3275E+01
  1.5982E+03  4.1504E+01  6.2641E+03  4.9971E-03 -2.1163E+00  1.7649E+02  5.3843E-04  5.4122E+06  2.2335E-01  2.0582E+04  7.3313E+01
  1.5983E+03  4.1293E+01  6.2818E+03  5.0461E-03 -2.1169E+00  1.7641E+02  4.4785E-04  5.4141E+06  2.2409E-01  2.0583E+04  7.3352E+01
  1.5984E+03  4.1081E+01  6.2994E+03  5.0957E-03 -2.1174E+00  1.7633E+02  4.7538E-04  5.4161E+06  2.2483E-01  2.0582E+04  7.3390E+01
  1.5985E+03  4.0869E+01  6.3170E+03  5.1466E-03 -2.1180E+00  1.7624E+02  5.2326E-04  5.4180E+06  2.2557E-01  2.0583E+04  7.3428E+01
  1.5986E+03  4.0657E+01  6.3347E+03  5.2016E-03 -2.1186E+00  1.7616E+02  5.5564E-04  5.4200E+06  2.2631E-01  2.0583E+04  7.3466E+01
  1.5987E+03  4.0446E+01  6.3523E+03  5.2590E-03 -2.1191E+00  1.7608E+02  5.6765E-04  5.4219E+06  2.2705E-01  2.0583E+04  7.3504E+01
  1.5988E+03  4.0234E+01  6.3699E+03  5.3171E-03 -2.1197E+00  1.7599E+02  5.8091E-04  5.4239E+06  2.2779E-01  2.0583E+04  7.3541E+01
  1.5989E+03  4.0022E+01  6.3875E+03  5.3761E-03 -2.1202E+00  1.7591E+02  6.1309E-04  5.4258E+06  2.2853E-01  2.0583E+04  7.3579E+01
  1.5990E+03  3.9810E+01  6.4051E+03  5.4337E-03 -2.1207E+00  1.7583E+02  5.6648E-04  5.4278E+06  2.2927E-01  2.0583E+04  7.3616E+01
  1.5991E+03  3.9597E+01  6.4226E+03  5.4927E-03 -2.1213E+00  1.7574E+02  5.6995E-04  5.4297E+06  2.3001E-01  2.0583E+04  7.3653E+01
  1.5992E+03  3.9385E+01  6.4402E+03  5.5468E-03 -2.1218E+00  1.7566E+02  5.4002E-04  5.4317E+06  2.3075E-01  2.0583E+04  7.3690E+01
  1.5993E+03  3.9173E+01  6.4578E+03  5.6009E-03 -2.1224E+00  1.7558E+02  5.5458E-04  5.4336E+06  2.3149E-01  2.0584E+04  7.3727E+01
  1.5994E+03  3.8961E+01  6.4753E+03  5.6537E-03 -2.1228E+00  1.7550E+02  4.9938E-04  5.4356E+06  2.3223E-01  2.0583E+04  7.3764E+01
  1.5995E+03  3.8749E+01  6.4929E+03  5.7000E-03 -2.1233E+00  1.7541E+02  4.5880E-04  5.4375E+06  2.3298E-01  2.0583E+04  7.3800E+01
  1.5996E+03  3.8536E+01  6.5104E+03  5.7468E-03 -2.1237E+00  1.7533E+02  4.5831E-04  5.4395E+06  2.3372E-01  2.0583E+04  7.3837E+01
  1.5997E+03  3.8324E+01  6.5279E+03  5.7905E-03 -2.1242E+00  1.7525E+02  4.1559E-04  5.4414E+06  2.3446E-01  2.0583E+04  7.3873E+01
  1.5998E+03  3.8111E+01  6.5455E+03  5.8300E-03 -2.1245E+00  1.7516E+02  3.8659E-04  5.4434E+06  2.3521E-01  2.0582E+04  7.3910E+01
  1.5999E+03  3.7899E+01  6.5630E+03  5.8689E-03 -2.1250E+00  1.7508E+02  3.8465E-04  5.4453E+06  2.3595E-01  2.0581E+04  7.3946E+01
  1.6000E+03  3.7686E+01  6.5805E+03  5.9104E-03 -2.1254E+00  1.7500E+02  4.1751E-04  5.4473E+06  2.3670E-01  2.0581E+04  7.3982E+01
  1.6001E+03  3.7474E+01  6.5980E+03  5.9531E-03 -2.1259E+00  1.7492E+02  4.1232E-04  5.4492E+06  2.3744E-01  2.0582E+04  7.4018E+01
  1.6002E+03  3.7261E+01  6.6155E+03  5.9937E-03 -2.1264E+00  1.7483E+02  3.9712E-04  5.4512E+06  2.3819E-01  2.0581E+04  7.4053E+01
  1.6003E+03  3.7049E+01  6.6329E+03  6.0302E-03 -2.1269E+00  1.7475E+02  3.6242E-04  5.4532E+06  2.3893E-01  2.0582E+04  7.4089E+01
  1.6004E+03  3.6836E+01  6.6504E+03  6.0640E-03 -2.1274E+00  1.7467E+02  3.2544E-04  5.4551E+06  2.3968E-01  2.0582E+04  7.4124E+01
  1.6005E+03  3.6623E+01  6.6679E+03  6.0985E-03 -2.1279E+00  1.7458E+02  3.5942E-04  5.4571E+06  2.4043E-01  2.0582E+04  7.4160E+01
  1.6006E+03  3.6410E+01  6.6853E+03  6.1332E-03 -2.1283E+00  1.7450E+02  3.4411E-04  5.4590E+06  2.4117E-01  2.0582E+04  7.4195E+01
  1.6007E+03  3.6197E+01  6.7028E+03  6.1687E-03 -2.1288E+00  1.7442E+02  3.6512E-04  5.4610E+06  2.4192E-01  2.0582E+04  7.4230E+01
  1.6008E+03  3.5984E+01  6.7202E+03  6.2063E-03 -2.1292E+00  1.7434E+02  3.6067E-04  5.4629E+06  2.4267E-01  2.0582E+04  7.4265E+01
  1.6009E+03  3.5772E+01  6.7376E+03  6.2435E-03 -2.1297E+00  1.7425E+02  4.1696E-04  5.4649E+06  2.4341E-01  2.0583E+04  7.4300E+01
  1.6010E+03  3.5559E+01  6.7551E+03  6.2858E-03 -2.1302E+00  1.7417E+02  4.2810E-04  5.4669E+06  2.4416E-01  2.0583E+04  7.4335E+01
  1.6011E+03  3.5345E+01  6.7725E+03  6.3267E-03 -2.1306E+00  1.7409E+02  4.0536E-04  5.4688E+06  2.4491E-01  2.0583E+04  7.4369E+01
  1.6012E+03  3.5132E+01  6.7899E+03  6.3645E-03 -2.1310E+00  1.7401E+02  3.7038E-04  5.4708E+06  2.4566E-01  2.0583E+04  7.4404E+01
  1.6013E+03  3.4919E+01  6.8073E+03  6.3995E-03 -2.1314E+00  1.7392E+02  3.4697E-04  5.4727E+06  2.4641E-01  2.0582E+04  7.4438E+01
  1.6014E+03  3.4706E+01  6.8247E+03  6.4311E-03 -2.1319E+00  1.7384E+02  3.1870E-04  5.4747E+06  2.4716E-01  2.0583E+04  7.4472E+01
  1.6015E+03  3.4493E+01  6.8420E+03  6.4663E-03 -2.1323E+00  1.7376E+02  3.6912E-04  5.4767E+06  2.4791E-01  2.0582E+04  7.4506E+01
  1.6016E+03  3.4280E+01  6.8594E+03  6.5027E-03 -2.1327E+00  1.7368E+02  3.3662E-04  5.4786E+06  2.4866E-01  2.0583E+04  7.4540E+01
  1.6017E+03  3.4066E+01  6.8768E+03  6.5395E-03 -2.1331E+00  1.7359E+02  4.0905E-04  5.4806E+06  2.4941E-01  2.0583E+04  7.4574E+01
  1.6018E+03  3.3853E+01  6.8941E+03  6.5787E-03 -2.1335E+00  1.7351E+02  3.3932E-04  5.4826E+06  2.5016E-01  2.0582E+04  7.4608E+01
  1.6019E+03  3.3640E+01  6.9115E+03  6.6121E-03 -2.1338E+00  1.7343E+02  3.6325E-04  5.4845E+06  2.5091E-01  2.0582E+04  7.4642E+01
  1.6020E+03  3.3426E+01  6.9288E+03  6.6483E-03 -2.1342E+00  1.7335E+02  3.6574E-04  5.4865E+06  2.5167E-01  2.0582E+04  7.4675E+01
  1.6021E+03  3.3213E+01  6.9461E+03  6.6876E-03 -2.1345E+00  1.7327E+02  4.1345E-04  5.4884E+06  2.5242E-01  2.0582E+04  7.4709E+01
  1.6022E+03  3.2999E+01  6.9635E+03  6.7335E-03 -2.1349E+00  1.7318E+02  4.8297E-04  5.4904E+06  2.5317E-01  2.0581E+04  7.4742E+01
  1.6023E+03  3.2786E+01  6.9808E+03  6.7783E-03 -2.1353E+00  1.7310E+02  4.5275E-04  5.4924E+06  2.5392E-01  2.0581E+04  7.4775E+01
  1.6024E+03  3.2572E+01  6.9981E+03  6.8247E-03 -2.1357E+00  1.7302E+02  4.5515E-04  5.4943E+06  2.5468E-01  2.0581E+04  7.4808E+01
  1.6025E+03  3.2359E+01  7.0154E+03  6.8723E-03 -2.1360E+00  1.7294E+02  4.8832E-04  5.4963E+06  2.5543E-01  2.0581E+04  7.4841E+01
  1.6026E+03  3.2145E+01  7.0327E+03  6.9248E-03 -2.1364E+00  1.7286E+02  5.5675E-04  5.4983E+06  2.5619E-01  2.0581E+04  7.4874E+01
  1.6027E+03  3.1931E+01  7.0500E+03  6.9812E-03 -2.1367E+00  1.7277E+02  5.5031E-04  5.5002E+06  2.5694E-01  2.0581E+04  7.4907E+01
  1.6028E+03  3.1718E+01  7.0672E+03  7.0350E-03 -2.1372E+00  1.7269E+02  5.4531E-04  5.5022E+06  2.5769E-01  2.0581E+04  7.4940E+01
  1.6029E+03  3.1504E+01  7.0845E+03  7.0847E-03 -2.1375E+00  1.7261E+02  5.3620E-04  5.5042E+06  2.5845E-01  2.0581E+04  7.4972E+01
  1.6030E+03  3.1290E+01  7.1018E+03  7.1346E-03 -2.1379E+00  1.7253E+02  4.9490E-04  5.5062E+06  2.5921E-01  2.0581E+04  7.5005E+01
  1.6031E+03  3.1076E+01  7.1190E+03  7.1838E-03 -2.1382E+00  1.7245E+02  4.5203E-04  5.5081E+06  2.5996E-01  2.0581E+04  7.5037E+01
  1.6032E+03  3.0863E+01  7.1362E+03  7.2263E-03 -2.1385E+00  1.7237E+02  3.9851E-04  5.5101E+06  2.6072E-01  2.0580E+04  7.5069E+01
  1.6033E+03  3.0649E+01  7.1535E+03  7.2631E-03 -2.1388E+00  1.7228E+02  3.6018E-04  5.5121E+06  2.6147E-01  2.0580E+04  7.5101E+01
  1.6034E+03  3.0435E+01  7.1707E+03  7.2925E-03 -2.1392E+00  1.7220E+02  2.5995E-04  5.5140E+06  2.6223E-01  2.0580E+04  7.5133E+01
  1.6035E+03  3.0221E+01  7.1879E+03  7.3170E-03 -2.1396E+00  1.7212E+02  2.2594E-04  5.5160E+06  2.6299E-01  2.0581E+04  7.5165E+01
  1.6036E+03  3.0007E+01  7.2051E+03  7.3406E-03 -2.1399E+00  1.7204E+02  2.4948E-04  5.5180E+06  2.6375E-01  2.0581E+04  7.5197E+01
  1.6037E+03  2.9793E+01  7.2223E+03  7.3659E-03 -2.1403E+00  1.7196E+02  2.6505E-04  5.5200E+06  2.6451E-01  2.0581E+04  7.5229E+01
  1.6038E+03  2.9579E+01  7.2395E+03  7.3963E-03 -2.1407E+00  1.7188E+02  2.9104E-04  5.5219E+06  2.6526E-01  2.0581E+04  7.5260E+01
  1.6039E+03  2.9365E+01  7.2567E+03  7.4238E-03 -2.1410E+00  1.7179E+02  2.9017E-04  5.5239E+06  2.6602E-01  2.0581E+04  7.5292E+01
  1.6040E+03  2.9151E+01  7.2739E+03  7.4532E-03 -2.1413E+00  1.7171E+02  3.1557E-04  5.5259E+06  2.6678E-01  2.0581E+04  7.5323E+01
  1.6041E+03  2.8937E+01  7.2910E+03  7.4829E-03 -2.1416E+00  1.7163E+02  2.9980E-04  5.5278E+06  2.6754E-01  2.0581E+04  7.5354E+01
  1.6042E+03  2.8722E+01  7.3082E+03  7.5119E-03 -2.1419E+00  1.7155E+02  2.9651E-04  5.5298E+06  2.6830E-01  2.0581E+04  7.5386E+01
  1.6043E+03  2.8508E+01  7.3253E+03  7.5419E-03 -2.1422E+00  1.7147E+02  2.8264E-04  5.5318E+06  2.6906E-01  2.0581E+04  7.5417E+01
  1.6044E+03  2.8294E+01  7.3425E+03  7.5763E-03 -2.1425E+00  1.7139E+02  3.5293E-04  5.5338E+06  2.6982E-01  2.0581E+04  7.5448E+01
  1.6045E+03  2.8080E+01  7.3596E+03  7.6126E-03 -2.1428E+00  1.7131E+02  3.5560E-04  5.5358E+06  2.7058E-01  2.0581E+04  7.5479E+01
  1.6046E+03  2.7865E+01  7.3768E+03  7.6444E-03 -2.1431E+00  1.7122E+02  3.0951E-04  5.5377E+06  2.7135E-01  2.0581E+04  7.5509E+01
  1.6047E+03  2.7651E+01  7.3939E+03  7.6763E-03 -2.1434E+00  1.7114E+02  3.1214E-04  5.5397E+06  2.7211E-01  2.0580E+04  7.5540E+01
  1.6048E+03  2.7437E+01  7.4110E+03  7.7073E-03 -2.1437E+00  1.7106E+02  3.0072E-04  5.5417E+06  2.7287E-01  2.0580E+04  7.5571E+01
  1.6049E+03  2.7222E+01  7.4281E+03  7.7382E-03 -2.1440E+00  1.7098E+02  3.1517E-04  5.5437E+06  2.7363E-01  2.0580E+04  7.5601E+01
  1.6050E+03  2.7008E+01  7.4452E+03  7.7705E-03 -2.1444E+00  1.7090E+02  3.2063E-04  5.5456E+06  2.7440E-01  2.0581E+04  7.5631E+01
  1.6051E+03  2.6793E+01  7.4623E+03  7.8055E-03 -2.1446E+00  1.7082E+02  3.6184E-04  5.5476E+06  2.7516E-01  2.0581E+04  7.5662E+01
  1.6052E+03  2.6579E+01  7.4793E+03  7.8418E-03 -2.1450E+00  1.7074E+02  3.6325E-04  5.5496E+06  2.7592E-01  2.0581E+04  7.5692E+01
  1.6053E+03  2.6364E+01  7.4964E+03  7.8765E-03 -2.1453E+00  1.7066E+02  3.3251E-04  5.5516E+06  2.7669E-01  2.0581E+04  7.5722E+01
  1.6054E+03  2.6150E+01  7.5135E+03  7.9110E-03 -2.1455E+00  1.7058E+02  3.5769E-04  5.5536E+06  2.7745E-01  2.0581E+04  7.5752E+01
  1.6055E+03  2.5935E+01  7.5305E+03  7.9468E-03 -2.1458E+00  1.7050E+02  4.1172E-04  5.5556E+06  2.7822E-01  2.0581E+04  7.5782E+01
  1.6056E+03  2.5721E+01  7.5476E+03  7.9924E-03 -2.1461E+00  1.7041E+02  5.0277E-04  5.5575E+06  2.7898E-01  2.0581E+04  7.5812E+01
  1.6057E+03  2.5506E+01  7.5646E+03  8.0394E-03 -2.1463E+00  1.7033E+02  4.6036E-04  5.5595E+06  2.7975E-01  2.0581E+04  7.5842E+01
  1.6058E+03  2.5291E+01  7.5816E+03  8.0875E-03 -2.1466E+00  1.7025E+02  4.9247E-04  5.5615E+06  2.8051E-01  2.0581E+04  7.5871E+01
  1.6059E+03  2.5077E+01  7.5987E+03  8.1414E-03 -2.1469E+00  1.7017E+02  5.2968E-04  5.5635E+06  2.8128E-01  2.0581E+04  7.5901E+01
  1.6060E+03  2.4862E+01  7.6157E+03  8.1976E-03 -2.1472E+00  1.7009E+02  5.3852E-04  5.5655E+06  2.8205E-01  2.0581E+04  7.5930E+01
  1.6061E+03  2.4647E+01  7.6327E+03  8.2495E-03 -2.1474E+00  1.7001E+02  5.1643E-04  5.5675E+06  2.8281E-01  2.0580E+04  7.5960E+01
  1.6062E+03  2.4433E+01  7.6497E+03  8.3007E-03 -2.1476E+00  1.6993E+02  5.1036E-04  5.5694E+06  2.8358E-01  2.0580E+04  7.5989E+01
  1.6063E+03  2.4218E+01  7.6667E+03  8.3490E-03 -2.1477E+00  1.6985E+02  4.6419E-04  5.5714E+06  2.8435E-01  2.0579E+04  7.6018E+01
  1.6064E+03  2.4003E+01  7.6836E+03  8.3936E-03 -2.1480E+00  1.6977E+02  4.1344E-04  5.5734E+06  2.8512E-01  2.0580E+04  7.6047E+01
  1.6065E+03  2.3788E+01  7.7006E+03  8.4353E-03 -2.1482E+00  1.6969E+02  4.1529E-04  5.5754E+06  2.8589E-01  2.0579E+04  7.6076E+01
  1.6066E+03  2.3573E+01  7.7176E+03  8.4742E-03 -2.1484E+00  1.6961E+02  3.9351E-04  5.5774E+06  2.8666E-01  2.0579E+04  7.6105E+01
  1.6067E+03  2.3359E+01  7.7345E+03  8.5121E-03 -2.1488E+00  1.6953E+02  3.4831E-04  5.5794E+06  2.8742E-01  2.0580E+04  7.6134E+01
  1.6068E+03  2.3144E+01  7.7515E+03  8.5465E-03 -2.1491E+00  1.6945E+02  3.3884E-04  5.5814E+06  2.8819E-01  2.0580E+04  7.6163E+01
  1.6069E+03  2.2929E+01  7.7684E+03  8.5788E-03 -2.1493E+00  1.6937E+02  2.9563E-04  5.5834E+06  2.8896E-01  2.0580E+04  7.6191E+01
  1.6070E+03  2.2714E+01  7.7854E+03  8.6118E-03 -2.1495E+00  1.6929E+02  3.4311E-04  5.5853E+06  2.8973E-01  2.0580E+04  7.6220E+01
  1.6071E+03  2.2499E+01  7.8023E+03  8.6468E-03 -2.1497E+00  1.6920E+02  3.2339E-04  5.5873E+06  2.9051E-01  2.0580E+04  7.6249E+01
  1.6072E+03  2.2284E+01  7.8192E+03  8.6786E-03 -2.1499E+00  1.6912E+02  3.3734E-04  5.5893E+06  2.9128E-01  2.0580E+04  7.6277E+01
  1.6073E+03  2.2069E+01  7.8361E+03  8.7142E-03 -2.1501E+00  1.6904E+02  3.8641E-04  5.5913E+06  2.9205E-01  2.0579E+04  7.6305E+01
  1.6074E+03  2.1854E+01  7.8530E+03  8.7534E-03 -2.1503E+00  1.6896E+02  3.6900E-04  5.5933E+06  2.9282E-01  2.0579E+04  7.6334E+01
  1.6075E+03  2.1639E+01  7.8699E+03  8.7892E-03 -2.1506E+00  1.6888E+02  3.8127E-04  5.5953E+06  2.9359E-01  2.0579E+04  7.6362E+01
  1.6076E+03  2.1424E+01  7.8868E+03  8.8281E-03 -2.1508E+00  1.6880E+02  3.6874E-04  5.5973E+06  2.9437E-01  2.0580E+04  7.6390E+01
  1.6077E+03  2.1209E+01  7.9037E+03  8.8673E-03 -2.1511E+00  1.6872E+02  4.1647E-04  5.5993E+06  2.9514E-01  2.0580E+04  7.6418E+01
  1.6078E+03  2.0993E+01  7.9205E+03  8.9116E-03 -2.1512E+00  1.6864E+02  4.5016E-04  5.6013E+06  2.9591E-01  2.0579E+04  7.6446E+01
  1.6079E+03  2.0778E+01  7.9374E+03  8.9549E-03 -2.1514E+00  1.6856E+02  4.4415E-04  5.6033E+06  2.9669E-01  2.0579E+04  7.6474E+01
  1.6080E+03  2.0563E+01  7.9542E+03  9.0006E-03 -2.1517E+00  1.6848E+02  4.6549E-04  5.6053E+06  2.9746E-01  2.0580E+04  7.6501E+01
  1.6081E+03  2.0348E+01  7.9711E+03  9.0479E-03 -2.1519E+00  1.6840E+02  4.7072E-04  5.6073E+06  2.9824E-01  2.0580E+04  7.6529E+01
