  1.5654E+03  1.0000E+02  0.0000E+00  0.0000E+00  0.0000E+00  2.0600E+02  0.0000E+00  4.8006E+06  0.0000E+00  2.0600E+04  4.8764E+02
  1.5655E+03  9.6956E+01  2.0390E+01  0.0000E+00 -6.0636E+01  1.9972E+02  0.0000E+00  4.8024E+06  6.2684E-04  2.0600E+04  4.8719E+02
  1.5656E+03  8.7973E+01  3.9529E+01  0.0000E+00 -1.1827E+02  1.8102E+02  0.0000E+00  4.8042E+06  1.2554E-03  2.0600E+04  4.8577E+02
  1.5657E+03  7.3507E+01  5.6199E+01  0.0000E+00 -1.6973E+02  1.5048E+02  0.0000E+00  4.8060E+06  1.8854E-03  2.0600E+04  4.8362E+02
  1.5658E+03  5.4345E+01  6.9269E+01  0.0000E+00 -2.1164E+02  1.0930E+02  0.0000E+00  4.8077E+06  2.5160E-03  2.0600E+04  4.8114E+02
  1.5659E+03  3.1610E+01  7.7774E+01  0.0000E+00 -2.4064E+02  5.9625E+01  0.0000E+00  4.8095E+06  3.1466E-03  2.0600E+04  4.7887E+02
  1.5660E+03  6.7447E+00  8.1020E+01  0.0000E+00 -2.5386E+02  4.7663E+00  0.0000E+00  4.8113E+06  3.7764E-03  2.0600E+04  4.7742E+02
  1.5661E+03 -1.8581E+01  7.8697E+01  0.0000E+00 -2.4972E+02 -5.0988E+01  0.0000E+00  4.8131E+06  4.4048E-03  2.0600E+04  4.7723E+02
  1.5662E+03 -4.2628E+01  7.0948E+01  0.0000E+00 -2.2847E+02 -1.0299E+02  0.0000E+00  4.8149E+06  5.0316E-03  2.0600E+04  4.7838E+02
  1.5663E+03 -6.3773E+01  5.8362E+01  0.0000E+00 -1.9220E+02 -1.4713E+02  0.0000E+00  4.8167E+06  5.6573E-03  2.0600E+04  4.8054E+02
  1.5664E+03 -8.0677E+01  4.1884E+01  0.0000E+00 -1.4424E+02 -1.8045E+02  0.0000E+00  4.8185E+06  6.2827E-03  2.0600E+04  4.8313E+02
  1.5665E+03 -9.2360E+01  2.2688E+01  0.0000E+00 -8.8426E+01 -2.0132E+02  0.0000E+00  4.8203E+06  6.9086E-03  2.0600E+04  4.8558E+02
  1.5666E+03 -9.8223E+01  2.0560E+00  0.0000E+00 -2.8432E+01 -2.0913E+02  0.0000E+00  4.8220E+06  7.5356E-03  2.0600E+04  4.8741E+02
  1.5667E+03 -9.8019E+01 -1.8706E+01  0.0000E+00  3.2389E+01 -2.0398E+02  0.0000E+00  4.8238E+06  8.1642E-03  2.0600E+04  4.8834E+02
  1.5668E+03 -9.1820E+01 -3.8325E+01  0.0000E+00  9.0988E+01 -1.8637E+02  0.0000E+00  4.8256E+06  8.7947E-03  2.0600E+04  4.8824E+02
  1.5669E+03 -7.9993E+01 -5.5593E+01  0.0000E+00  1.4446E+02 -1.5713E+02  0.0000E+00  4.8274E+06  9.4271E-03  2.0600E+04  4.8713E+02
  1.5670E+03 -6.3196E+01 -6.9402E+01  0.0000E+00  1.8988E+02 -1.1744E+02  0.0000E+00  4.8292E+06  1.0061E-02  2.0600E+04  4.8519E+02
  1.5671E+03 -4.2384E+01 -7.8791E+01  0.0000E+00  2.2428E+02 -6.9098E+01  0.0000E+00  4.8310E+06  1.0696E-02  2.0600E+04  4.8275E+02
  1.5672E+03 -1.8803E+01 -8.3019E+01  0.0000E+00  2.4480E+02 -1.4735E+01  0.0000E+00  4.8328E+06  1.1331E-02  2.0600E+04  4.8034E+02
  1.5673E+03  6.0359E+00 -8.1658E+01  0.0000E+00  2.4917E+02  4.2012E+01  0.0000E+00  4.8346E+06  1.1965E-02  2.0600E+04  4.7855E+02
  1.5674E+03  3.0456E+01 -7.4686E+01  0.0000E+00  2.3639E+02  9.6700E+01  0.0000E+00  4.8364E+06  1.2599E-02  2.0600E+04  4.7791E+02
  1.5675E+03  5.2767E+01 -6.2541E+01  0.0000E+00  2.0727E+02  1.4473E+02  0.0000E+00  4.8382E+06  1.3230E-02  2.0600E+04  4.7864E+02
  1.5676E+03  7.1452E+01 -4.6092E+01  0.0000E+00  1.6443E+02  1.8223E+02  0.0000E+00  4.8400E+06  1.3860E-02  2.0600E+04  4.8053E+02
  1.5677E+03  8.5323E+01 -2.6530E+01  0.0000E+00  1.1169E+02  2.0671E+02  0.0000E+00  4.8418E+06  1.4490E-02  2.0600E+04  4.8306E+02
  1.5678E+03  9.3599E+01 -5.2206E+00  0.0000E+00  5.3201E+01  2.1712E+02  0.0000E+00  4.8436E+06  1.5120E-02  2.0600E+04  4.8562E+02
  1.5679E+03  9.5903E+01  1.6428E+01  0.0000E+00 -7.1261E+00  2.1358E+02  0.0000E+00  4.8454E+06  1.5751E-02  2.0600E+04  4.8769E+02
  1.5680E+03  9.2226E+01  3.7057E+01  0.0000E+00 -6.5897E+01  1.9689E+02  0.0000E+00  4.8472E+06  1.6383E-02  2.0600E+04  4.8893E+02
  1.5681E+03  8.2874E+01  5.5407E+01  0.0000E+00 -1.2017E+02  1.6823E+02  0.0000E+00  4.8490E+06  1.7018E-02  2.0600E+04  4.8916E+02
  1.5682E+03  6.8432E+01  7.0352E+01  0.0000E+00 -1.6726E+02  1.2907E+02  0.0000E+00  4.8508E+06  1.7654E-02  2.0600E+04  4.8836E+02
  1.5683E+03  4.9745E+01  8.0930E+01  0.0000E+00 -2.0464E+02  8.1190E+01  0.0000E+00  4.8526E+06  1.8291E-02  2.0600E+04  4.8664E+02
  1.5684E+03  2.7912E+01  8.6376E+01  0.0000E+00 -2.2980E+02  2.6888E+01  0.0000E+00  4.8544E+06  1.8930E-02  2.0600E+04  4.8430E+02
  1.5685E+03  4.2668E+00  8.6194E+01  0.0000E+00 -2.4052E+02 -3.0793E+01  0.0000E+00  4.8562E+06  1.9570E-02  2.0600E+04  4.8181E+02
  1.5686E+03 -1.9657E+01  8.0233E+01  0.0000E+00 -2.3520E+02 -8.7966E+01  0.0000E+00  4.8580E+06  2.0209E-02  2.0600E+04  4.7976E+02
  1.5687E+03 -4.2226E+01  6.8768E+01  0.0000E+00 -2.1352E+02 -1.4012E+02  0.0000E+00  4.8598E+06  2.0847E-02  2.0600E+04  4.7873E+02
  1.5688E+03 -6.1860E+01  5.2526E+01  0.0000E+00 -1.7690E+02 -1.8281E+02  0.0000E+00  4.8616E+06  2.1483E-02  2.0600E+04  4.7905E+02
  1.5689E+03 -7.7210E+01  3.2642E+01  0.0000E+00 -1.2847E+02 -2.1249E+02  0.0000E+00  4.8634E+06  2.2118E-02  2.0600E+04  4.8065E+02
  1.5690E+03 -8.7300E+01  1.0527E+01  0.0000E+00 -7.2437E+01 -2.2723E+02  0.0000E+00  4.8652E+06  2.2752E-02  2.0600E+04  4.8306E+02
  1.5691E+03 -9.1592E+01 -1.2294E+01  0.0000E+00 -1.3212E+01 -2.2668E+02  0.0000E+00  4.8670E+06  2.3386E-02  2.0600E+04  4.8567E+02
  1.5692E+03 -8.9969E+01 -3.4328E+01  0.0000E+00  4.5246E+01 -2.1170E+02  0.0000E+00  4.8688E+06  2.4021E-02  2.0600E+04  4.8794E+02
  1.5693E+03 -8.2678E+01 -5.4205E+01  0.0000E+00  9.9648E+01 -1.8383E+02  0.0000E+00  4.8706E+06  2.4658E-02  2.0600E+04  4.8945E+02
  1.5694E+03 -7.0265E+01 -7.0725E+01  0.0000E+00  1.4730E+02 -1.4492E+02  0.0000E+00  4.8724E+06  2.5296E-02  2.0600E+04  4.8998E+02
  1.5695E+03 -5.3522E+01 -8.2888E+01  0.0000E+00  1.8589E+02 -9.7014E+01  0.0000E+00  4.8742E+06  2.5935E-02  2.0600E+04  4.8947E+02
  1.5696E+03 -3.3459E+01 -8.9905E+01  0.0000E+00  2.1334E+02 -4.2420E+01  0.0000E+00  4.8760E+06  2.6577E-02  2.0600E+04  4.8798E+02
  1.5697E+03 -1.1287E+01 -9.1239E+01  0.0000E+00  2.2778E+02  1.6146E+01  0.0000E+00  4.8778E+06  2.7220E-02  2.0600E+04  4.8577E+02
  1.5698E+03  1.1610E+01 -8.6654E+01  0.0000E+00  2.2763E+02  7.5340E+01  0.0000E+00  4.8796E+06  2.7864E-02  2.0600E+04  4.8326E+02
  1.5699E+03  3.3724E+01 -7.6284E+01  0.0000E+00  2.1207E+02  1.3113E+02  0.0000E+00  4.8814E+06  2.8508E-02  2.0600E+04  4.8102E+02
  1.5700E+03  5.3522E+01 -6.0689E+01  0.0000E+00  1.8151E+02  1.7907E+02  0.0000E+00  4.8832E+06  2.9150E-02  2.0600E+04  4.7966E+02
  1.5701E+03  6.9593E+01 -4.0873E+01  0.0000E+00  1.3801E+02  2.1495E+02  0.0000E+00  4.8850E+06  2.9792E-02  2.0600E+04  4.7960E+02
  1.5702E+03  8.0813E+01 -1.8205E+01  0.0000E+00  8.5203E+01  2.3571E+02  0.0000E+00  4.8868E+06  3.0431E-02  2.0600E+04  4.8088E+02
  1.5703E+03  8.6474E+01  5.7206E+00  0.0000E+00  2.7598E+01  2.4005E+02  0.0000E+00  4.8886E+06  3.1070E-02  2.0600E+04  4.8313E+02
  1.5704E+03  8.6324E+01  2.9269E+01  0.0000E+00 -3.0296E+01  2.2836E+02  0.0000E+00  4.8904E+06  3.1708E-02  2.0600E+04  4.8576E+02
  1.5705E+03  8.0535E+01  5.0913E+01  0.0000E+00 -8.4623E+01  2.0229E+02  0.0000E+00  4.8922E+06  3.2347E-02  2.0600E+04  4.8817E+02
  1.5706E+03  6.9620E+01  6.9323E+01  0.0000E+00 -1.3236E+02  1.6409E+02  0.0000E+00  4.8941E+06  3.2987E-02  2.0600E+04  4.8992E+02
  1.5707E+03  5.4358E+01  8.3410E+01  0.0000E+00 -1.7122E+02  1.1624E+02  0.0000E+00  4.8959E+06  3.3629E-02  2.0600E+04  4.9072E+02
  1.5708E+03  3.5733E+01  9.2335E+01  0.0000E+00 -1.9938E+02  6.1297E+01  0.0000E+00  4.8977E+06  3.4273E-02  2.0600E+04  4.9047E+02
  1.5709E+03  1.4889E+01  9.5523E+01  0.0000E+00 -2.1535E+02  1.9713E+00  0.0000E+00  4.8995E+06  3.4918E-02  2.0600E+04  4.8922E+02
  1.5710E+03 -6.8894E+00  9.2683E+01  0.0000E+00 -2.1790E+02 -5.8712E+01  0.0000E+00  4.9013E+06  3.5566E-02  2.0600E+04  4.8715E+02
  1.5711E+03 -2.8216E+01  8.3851E+01  0.0000E+00 -2.0622E+02 -1.1724E+02  0.0000E+00  4.9031E+06  3.6214E-02  2.0600E+04  4.8466E+02
  1.5712E+03 -4.7657E+01  6.9442E+01  0.0000E+00 -1.8028E+02 -1.6957E+02  0.0000E+00  4.9049E+06  3.6862E-02  2.0600E+04  4.8229E+02
  1.5713E+03 -6.3833E+01  5.0287E+01  0.0000E+00 -1.4125E+02 -2.1144E+02  0.0000E+00  4.9067E+06  3.7509E-02  2.0600E+04  4.8065E+02
  1.5714E+03 -7.5560E+01  2.7631E+01  0.0000E+00 -9.1849E+01 -2.3905E+02  0.0000E+00  4.9086E+06  3.8155E-02  2.0600E+04  4.8025E+02
  1.5715E+03 -8.1993E+01  3.0382E+00  0.0000E+00 -3.6151E+01 -2.4990E+02  0.0000E+00  4.9104E+06  3.8799E-02  2.0600E+04  4.8122E+02
  1.5716E+03 -8.2737E+01 -2.1770E+01  0.0000E+00  2.1128E+01 -2.4342E+02  0.0000E+00  4.9122E+06  3.9443E-02  2.0600E+04  4.8330E+02
  1.5717E+03 -7.7864E+01 -4.5107E+01  0.0000E+00  7.5536E+01 -2.2081E+02  0.0000E+00  4.9140E+06  4.0085E-02  2.0600E+04  4.8590E+02
  1.5718E+03 -6.7846E+01 -6.5473E+01  0.0000E+00  1.2349E+02 -1.8446E+02  0.0000E+00  4.9158E+06  4.0728E-02  2.0600E+04  4.8842E+02
  1.5719E+03 -5.3467E+01 -8.1638E+01  0.0000E+00  1.6242E+02 -1.3729E+02  0.0000E+00  4.9176E+06  4.1372E-02  2.0600E+04  4.9036E+02
  1.5720E+03 -3.5723E+01 -9.2672E+01  0.0000E+00  1.9055E+02 -8.2331E+01  0.0000E+00  4.9194E+06  4.2018E-02  2.0600E+04  4.9140E+02
  1.5721E+03 -1.5757E+01 -9.7943E+01  0.0000E+00  2.0670E+02 -2.2535E+01  0.0000E+00  4.9213E+06  4.2666E-02  2.0600E+04  4.9140E+02
  1.5722E+03  5.1890E+00 -9.7117E+01  0.0000E+00  2.1003E+02  3.9103E+01  0.0000E+00  4.9231E+06  4.3315E-02  2.0600E+04  4.9036E+02
  1.5723E+03  2.5804E+01 -9.0167E+01  0.0000E+00  2.0002E+02  9.9392E+01  0.0000E+00  4.9249E+06  4.3967E-02  2.0600E+04  4.8845E+02
  1.5724E+03  4.4747E+01 -7.7401E+01  0.0000E+00  1.7666E+02  1.5479E+02  0.0000E+00  4.9267E+06  4.4619E-02  2.0600E+04  4.8600E+02
  1.5725E+03  6.0714E+01 -5.9502E+01  0.0000E+00  1.4070E+02  2.0140E+02  0.0000E+00  4.9285E+06  4.5272E-02  2.0600E+04  4.8354E+02
  1.5726E+03  7.2531E+01 -3.7545E+01  0.0000E+00  9.4096E+01  2.3531E+02  0.0000E+00  4.9304E+06  4.5924E-02  2.0600E+04  4.8168E+02
  1.5727E+03  7.9288E+01 -1.2975E+01  0.0000E+00  4.0167E+01  2.5324E+02  0.0000E+00  4.9322E+06  4.6574E-02  2.0600E+04  4.8098E+02
  1.5728E+03  8.0468E+01  1.2508E+01  0.0000E+00 -1.6636E+01  2.5342E+02  0.0000E+00  4.9340E+06  4.7223E-02  2.0600E+04  4.8167E+02
  1.5729E+03  7.6025E+01  3.7121E+01  0.0000E+00 -7.1521E+01  2.3604E+02  0.0000E+00  4.9358E+06  4.7871E-02  2.0600E+04  4.8355E+02
  1.5730E+03  6.6371E+01  5.9197E+01  0.0000E+00 -1.2025E+02  2.0312E+02  0.0000E+00  4.9376E+06  4.8518E-02  2.0600E+04  4.8610E+02
  1.5731E+03  5.2285E+01  7.7331E+01  0.0000E+00 -1.5971E+02  1.5778E+02  0.0000E+00  4.9395E+06  4.9165E-02  2.0600E+04  4.8869E+02
  1.5732E+03  3.4805E+01  9.0456E+01  0.0000E+00 -1.8791E+02  1.0351E+02  0.0000E+00  4.9413E+06  4.9813E-02  2.0600E+04  4.9079E+02
  1.5733E+03  1.5116E+01  9.7850E+01  0.0000E+00 -2.0377E+02  4.3739E+01  0.0000E+00  4.9431E+06  5.0463E-02  2.0600E+04  4.9204E+02
  1.5734E+03 -5.5205E+00  9.9128E+01  0.0000E+00 -2.0679E+02 -1.8305E+01  0.0000E+00  4.9449E+06  5.1115E-02  2.0600E+04  4.9225E+02
  1.5735E+03 -2.5811E+01  9.4218E+01  0.0000E+00 -1.9687E+02 -7.9494E+01  0.0000E+00  4.9467E+06  5.1768E-02  2.0600E+04  4.9141E+02
  1.5736E+03 -4.4469E+01  8.3364E+01  0.0000E+00 -1.7423E+02 -1.3662E+02  0.0000E+00  4.9486E+06  5.2424E-02  2.0600E+04  4.8965E+02
  1.5737E+03 -6.0257E+01  6.7142E+01  0.0000E+00 -1.3963E+02 -1.8628E+02  0.0000E+00  4.9504E+06  5.3080E-02  2.0600E+04  4.8727E+02
  1.5738E+03 -7.2047E+01  4.6476E+01  0.0000E+00 -9.4620E+01 -2.2489E+02  0.0000E+00  4.9522E+06  5.3737E-02  2.0600E+04  4.8476E+02
  1.5739E+03 -7.8921E+01  2.2648E+01  0.0000E+00 -4.1851E+01 -2.4901E+02  0.0000E+00  4.9540E+06  5.4394E-02  2.0600E+04  4.8273E+02
  1.5740E+03 -8.0287E+01 -2.7552E+00  0.0000E+00  1.4807E+01 -2.5607E+02  0.0000E+00  4.9559E+06  5.5049E-02  2.0600E+04  4.8177E+02
  1.5741E+03 -7.5987E+01 -2.7963E+01  0.0000E+00  7.0644E+01 -2.4510E+02  0.0000E+00  4.9577E+06  5.5703E-02  2.0600E+04  4.8220E+02
  1.5742E+03 -6.6344E+01 -5.1208E+01  0.0000E+00  1.2094E+02 -2.1715E+02  0.0000E+00  4.9595E+06  5.6355E-02  2.0600E+04  4.8389E+02
  1.5743E+03 -5.2113E+01 -7.0920E+01  0.0000E+00  1.6186E+02 -1.7502E+02  0.0000E+00  4.9614E+06  5.7007E-02  2.0600E+04  4.8637E+02
  1.5744E+03 -3.4369E+01 -8.5864E+01  0.0000E+00  1.9090E+02 -1.2246E+02  0.0000E+00  4.9632E+06  5.7658E-02  2.0600E+04  4.8901E+02
  1.5745E+03 -1.4371E+01 -9.5195E+01  0.0000E+00  2.0683E+02 -6.3396E+01  0.0000E+00  4.9650E+06  5.8310E-02  2.0600E+04  4.9123E+02
  1.5746E+03  6.5484E+00 -9.8450E+01  0.0000E+00  2.0934E+02 -1.5153E+00  0.0000E+00  4.9668E+06  5.8964E-02  2.0600E+04  4.9266E+02
  1.5747E+03  2.7059E+01 -9.5515E+01  0.0000E+00  1.9872E+02  5.9856E+01  0.0000E+00  4.9687E+06  5.9620E-02  2.0600E+04  4.9306E+02
  1.5748E+03  4.5874E+01 -8.6599E+01  0.0000E+00  1.7557E+02  1.1762E+02  0.0000E+00  4.9705E+06  6.0278E-02  2.0600E+04  4.9240E+02
  1.5749E+03  6.1788E+01 -7.2214E+01  0.0000E+00  1.4090E+02  1.6872E+02  0.0000E+00  4.9723E+06  6.0937E-02  2.0600E+04  4.9078E+02
  1.5750E+03  7.3718E+01 -5.3180E+01  0.0000E+00  9.6188E+01  2.1005E+02  0.0000E+00  4.9742E+06  6.1598E-02  2.0600E+04  4.8847E+02
  1.5751E+03  8.0766E+01 -3.0634E+01  0.0000E+00  4.3703E+01  2.3848E+02  0.0000E+00  4.9760E+06  6.2259E-02  2.0600E+04  4.8593E+02
  1.5752E+03  8.2308E+01 -6.0069E+00  0.0000E+00 -1.3276E+01  2.5125E+02  0.0000E+00  4.9778E+06  6.2920E-02  2.0600E+04  4.8377E+02
  1.5753E+03  7.8103E+01  1.9033E+01  0.0000E+00 -7.0456E+01  2.4658E+02  0.0000E+00  4.9797E+06  6.3580E-02  2.0600E+04  4.8259E+02
  1.5754E+03  6.8371E+01  4.2724E+01  0.0000E+00 -1.2301E+02  2.2443E+02  0.0000E+00  4.9815E+06  6.4239E-02  2.0600E+04  4.8279E+02
  1.5755E+03  5.3805E+01  6.3398E+01  0.0000E+00 -1.6648E+02  1.8670E+02  0.0000E+00  4.9833E+06  6.4896E-02  2.0600E+04  4.8431E+02
  1.5756E+03  3.5489E+01  7.9663E+01  0.0000E+00 -1.9759E+02  1.3693E+02  0.0000E+00  4.9852E+06  6.5552E-02  2.0600E+04  4.8671E+02
  1.5757E+03  1.4758E+01  9.0525E+01  0.0000E+00 -2.1462E+02  7.9378E+01  0.0000E+00  4.9870E+06  6.6207E-02  2.0600E+04  4.8937E+02
  1.5758E+03 -6.9529E+00  9.5419E+01  0.0000E+00 -2.1722E+02  1.8234E+01  0.0000E+00  4.9888E+06  6.6864E-02  2.0600E+04  4.9170E+02
  1.5759E+03 -2.8222E+01  9.4178E+01  0.0000E+00 -2.0592E+02 -4.2753E+01  0.0000E+00  4.9907E+06  6.7522E-02  2.0600E+04  4.9327E+02
  1.5760E+03 -4.7709E+01  8.6982E+01  0.0000E+00 -1.8179E+02 -1.0034E+02  0.0000E+00  4.9925E+06  6.8181E-02  2.0600E+04  4.9384E+02
  1.5761E+03 -6.4197E+01  7.4319E+01  0.0000E+00 -1.4619E+02 -1.5165E+02  0.0000E+00  4.9943E+06  6.8843E-02  2.0600E+04  4.9333E+02
  1.5762E+03 -7.6620E+01  5.6953E+01  0.0000E+00 -1.0080E+02 -1.9393E+02  0.0000E+00  4.9962E+06  6.9507E-02  2.0600E+04  4.9183E+02
  1.5763E+03 -8.4102E+01  3.5922E+01  0.0000E+00 -4.7780E+01 -2.2453E+02  0.0000E+00  4.9980E+06  7.0172E-02  2.0600E+04  4.8959E+02
  1.5764E+03 -8.6017E+01  1.2520E+01  0.0000E+00  9.9844E+00 -2.4094E+02  0.0000E+00  4.9998E+06  7.0838E-02  2.0600E+04  4.8704E+02
  1.5765E+03 -8.2072E+01 -1.1726E+01  0.0000E+00  6.8720E+01 -2.4118E+02  0.0000E+00  5.0017E+06  7.1504E-02  2.0600E+04  4.8478E+02
  1.5766E+03 -7.2392E+01 -3.5147E+01  0.0000E+00  1.2387E+02 -2.2442E+02  0.0000E+00  5.0035E+06  7.2168E-02  2.0600E+04  4.8344E+02
  1.5767E+03 -5.7577E+01 -5.6071E+01  0.0000E+00  1.7068E+02 -1.9156E+02  0.0000E+00  5.0054E+06  7.2831E-02  2.0600E+04  4.8344E+02
  1.5768E+03 -3.8670E+01 -7.3015E+01  0.0000E+00  2.0513E+02 -1.4540E+02  0.0000E+00  5.0072E+06  7.3493E-02  2.0600E+04  4.8480E+02
  1.5769E+03 -1.7048E+01 -8.4845E+01  0.0000E+00  2.2470E+02 -9.0070E+01  0.0000E+00  5.0090E+06  7.4153E-02  2.0600E+04  4.8713E+02
  1.5770E+03  5.7459E+00 -9.0877E+01  0.0000E+00  2.2859E+02 -3.0171E+01  0.0000E+00  5.0109E+06  7.4813E-02  2.0600E+04  4.8979E+02
  1.5771E+03  2.8165E+01 -9.0870E+01  0.0000E+00  2.1739E+02  3.0039E+01  0.0000E+00  5.0127E+06  7.5474E-02  2.0600E+04  4.9220E+02
  1.5772E+03  4.8767E+01 -8.4979E+01  0.0000E+00  1.9251E+02  8.6964E+01  0.0000E+00  5.0146E+06  7.6136E-02  2.0600E+04  4.9388E+02
  1.5773E+03  6.6271E+01 -7.3685E+01  0.0000E+00  1.5577E+02  1.3765E+02  0.0000E+00  5.0164E+06  7.6800E-02  2.0600E+04  4.9459E+02
  1.5774E+03  7.9593E+01 -5.7741E+01  0.0000E+00  1.0922E+02  1.7958E+02  0.0000E+00  5.0182E+06  7.7466E-02  2.0600E+04  4.9421E+02
  1.5775E+03  8.7864E+01 -3.8136E+01  0.0000E+00  5.5152E+01  2.1052E+02  0.0000E+00  5.0201E+06  7.8134E-02  2.0600E+04  4.9282E+02
  1.5776E+03  9.0463E+01 -1.6074E+01  0.0000E+00 -3.7093E+00  2.2838E+02  0.0000E+00  5.0219E+06  7.8803E-02  2.0600E+04  4.9064E+02
  1.5777E+03  8.7074E+01  7.0442E+00  0.0000E+00 -6.4006E+01  2.3140E+02  0.0000E+00  5.0238E+06  7.9473E-02  2.0600E+04  4.8809E+02
  1.5778E+03  7.7750E+01  2.9675E+01  0.0000E+00 -1.2164E+02  2.1853E+02  0.0000E+00  5.0256E+06  8.0143E-02  2.0600E+04  4.8576E+02
  1.5779E+03  6.2989E+01  5.0223E+01  0.0000E+00 -1.7198E+02  1.8992E+02  0.0000E+00  5.0275E+06  8.0813E-02  2.0600E+04  4.8428E+02
  1.5780E+03  4.3748E+01  6.7195E+01  0.0000E+00 -2.1056E+02  1.4747E+02  0.0000E+00  5.0293E+06  8.1480E-02  2.0600E+04  4.8412E+02
  1.5781E+03  2.1384E+01  7.9374E+01  0.0000E+00 -2.3400E+02  9.4767E+01  0.0000E+00  5.0312E+06  8.2146E-02  2.0600E+04  4.8535E+02
  1.5782E+03 -2.4917E+00  8.5961E+01  0.0000E+00 -2.4070E+02  3.6436E+01  0.0000E+00  5.0330E+06  8.2811E-02  2.0600E+04  4.8761E+02
  1.5783E+03 -2.6204E+01  8.6631E+01  0.0000E+00 -2.3089E+02 -2.2815E+01  0.0000E+00  5.0349E+06  8.3476E-02  2.0600E+04  4.9028E+02
  1.5784E+03 -4.8170E+01  8.1504E+01  0.0000E+00 -2.0612E+02 -7.8897E+01  0.0000E+00  5.0367E+06  8.4140E-02  2.0600E+04  4.9274E+02
  1.5785E+03 -6.7004E+01  7.1066E+01  0.0000E+00 -1.6864E+02 -1.2858E+02  0.0000E+00  5.0385E+06  8.4807E-02  2.0600E+04  4.9452E+02
  1.5786E+03 -8.1558E+01  5.6084E+01  0.0000E+00 -1.2097E+02 -1.6940E+02  0.0000E+00  5.0404E+06  8.5475E-02  2.0600E+04  4.9533E+02
  1.5787E+03 -9.0945E+01  3.7548E+01  0.0000E+00 -6.5728E+01 -1.9937E+02  0.0000E+00  5.0422E+06  8.6145E-02  2.0600E+04  4.9505E+02
  1.5788E+03 -9.4544E+01  1.6625E+01  0.0000E+00 -5.7052E+00 -2.1688E+02  0.0000E+00  5.0441E+06  8.6817E-02  2.0600E+04  4.9374E+02
  1.5789E+03 -9.2030E+01 -5.3677E+00  0.0000E+00  5.5964E+01 -2.2058E+02  0.0000E+00  5.0459E+06  8.7491E-02  2.0600E+04  4.9162E+02
  1.5790E+03 -8.3418E+01 -2.6998E+01  0.0000E+00  1.1561E+02 -2.0953E+02  0.0000E+00  5.0478E+06  8.8166E-02  2.0600E+04  4.8907E+02
  1.5791E+03 -6.9116E+01 -4.6778E+01  0.0000E+00  1.6901E+02 -1.8366E+02  0.0000E+00  5.0496E+06  8.8840E-02  2.0600E+04  4.8669E+02
  1.5792E+03 -4.9974E+01 -6.3275E+01  0.0000E+00  2.1169E+02 -1.4418E+02  0.0000E+00  5.0515E+06  8.9514E-02  2.0600E+04  4.8511E+02
  1.5793E+03 -2.7268E+01 -7.5253E+01  0.0000E+00  2.3971E+02 -9.3923E+01  0.0000E+00  5.0533E+06  9.0186E-02  2.0600E+04  4.8483E+02
  1.5794E+03 -2.6077E+00 -8.1842E+01  0.0000E+00  2.5052E+02 -3.7161E+01  0.0000E+00  5.0552E+06  9.0857E-02  2.0600E+04  4.8596E+02
  1.5795E+03  2.2243E+01 -8.2632E+01  0.0000E+00  2.4359E+02  2.1209E+01  0.0000E+00  5.0571E+06  9.1526E-02  2.0600E+04  4.8816E+02
  1.5796E+03  4.5560E+01 -7.7700E+01  0.0000E+00  2.2021E+02  7.6599E+01  0.0000E+00  5.0589E+06  9.2195E-02  2.0600E+04  4.9083E+02
  1.5797E+03  6.5818E+01 -6.7535E+01  0.0000E+00  1.8287E+02  1.2534E+02  0.0000E+00  5.0608E+06  9.2864E-02  2.0600E+04  4.9333E+02
  1.5798E+03  8.1769E+01 -5.2942E+01  0.0000E+00  1.3458E+02  1.6480E+02  0.0000E+00  5.0626E+06  9.3535E-02  2.0600E+04  4.9518E+02
  1.5799E+03  9.2471E+01 -3.4947E+01  0.0000E+00  7.8407E+01  1.9314E+02  0.0000E+00  5.0645E+06  9.4207E-02  2.0600E+04  4.9606E+02
  1.5800E+03  9.7290E+01 -1.4727E+01  0.0000E+00  1.7418E+01  2.0910E+02  0.0000E+00  5.0663E+06  9.4882E-02  2.0600E+04  4.9587E+02
  1.5801E+03  9.5898E+01  6.4304E+00  0.0000E+00 -4.5269E+01  2.1178E+02  0.0000E+00  5.0682E+06  9.5558E-02  2.0600E+04  4.9462E+02
  1.5802E+03  8.8291E+01  2.7166E+01  0.0000E+00 -1.0628E+02  2.0062E+02  0.0000E+00  5.0700E+06  9.6237E-02  2.0600E+04  4.9253E+02
  1.5803E+03  7.4824E+01  4.6092E+01  0.0000E+00 -1.6183E+02  1.7563E+02  0.0000E+00  5.0719E+06  9.6916E-02  2.0600E+04  4.8999E+02
  1.5804E+03  5.6245E+01  6.1859E+01  0.0000E+00 -2.0780E+02  1.3771E+02  0.0000E+00  5.0737E+06  9.7595E-02  2.0600E+04  4.8757E+02
  1.5805E+03  3.3720E+01  7.3277E+01  0.0000E+00 -2.4012E+02  8.9112E+01  0.0000E+00  5.0756E+06  9.8273E-02  2.0600E+04  4.8592E+02
  1.5806E+03  8.7852E+00  7.9447E+01  0.0000E+00 -2.5559E+02  3.3514E+01  0.0000E+00  5.0775E+06  9.8950E-02  2.0600E+04  4.8556E+02
  1.5807E+03 -1.6783E+01  7.9905E+01  0.0000E+00 -2.5270E+02 -2.4322E+01  0.0000E+00  5.0793E+06  9.9625E-02  2.0600E+04  4.8661E+02
  1.5808E+03 -4.1161E+01  7.4674E+01  0.0000E+00 -2.3206E+02 -7.9465E+01  0.0000E+00  5.0812E+06  1.0030E-01  2.0600E+04  4.8878E+02
  1.5809E+03 -6.2682E+01  6.4242E+01  0.0000E+00 -1.9604E+02 -1.2772E+02  0.0000E+00  5.0830E+06  1.0097E-01  2.0600E+04  4.9144E+02
  1.5810E+03 -7.9967E+01  4.9460E+01  0.0000E+00 -1.4796E+02 -1.6610E+02  0.0000E+00  5.0849E+06  1.0165E-01  2.0600E+04  4.9397E+02
  1.5811E+03 -9.1991E+01  3.1416E+01  0.0000E+00 -9.1404E+01 -1.9272E+02  0.0000E+00  5.0868E+06  1.0232E-01  2.0600E+04  4.9587E+02
  1.5812E+03 -9.8081E+01  1.1342E+01  0.0000E+00 -2.9862E+01 -2.0658E+02  0.0000E+00  5.0886E+06  1.0300E-01  2.0600E+04  4.9680E+02
  1.5813E+03 -9.7907E+01 -9.4576E+00  0.0000E+00  3.3365E+01 -2.0718E+02  0.0000E+00  5.0905E+06  1.0368E-01  2.0600E+04  4.9665E+02
  1.5814E+03 -9.1461E+01 -2.9649E+01  0.0000E+00  9.5008E+01 -1.9443E+02  0.0000E+00  5.0923E+06  1.0436E-01  2.0600E+04  4.9544E+02
  1.5815E+03 -7.9072E+01 -4.7909E+01  0.0000E+00  1.5165E+02 -1.6864E+02  0.0000E+00  5.0942E+06  1.0504E-01  2.0600E+04  4.9337E+02
  1.5816E+03 -6.1420E+01 -6.2972E+01  0.0000E+00  1.9961E+02 -1.3074E+02  0.0000E+00  5.0961E+06  1.0572E-01  2.0600E+04  4.9083E+02
  1.5817E+03 -3.9565E+01 -7.3714E+01  0.0000E+00  2.3512E+02 -8.2613E+01  0.0000E+00  5.0979E+06  1.0641E-01  2.0600E+04  4.8839E+02
  1.5818E+03 -1.4927E+01 -7.9258E+01  0.0000E+00  2.5474E+02 -2.7433E+01  0.0000E+00  5.0998E+06  1.0709E-01  2.0600E+04  4.8670E+02
  1.5819E+03  1.0778E+01 -7.9110E+01  0.0000E+00  2.5625E+02  3.0424E+01  0.0000E+00  5.1017E+06  1.0777E-01  2.0600E+04  4.8629E+02
  1.5820E+03  3.5706E+01 -7.3252E+01  0.0000E+00  2.3933E+02  8.5952E+01  0.0000E+00  5.1035E+06  1.0845E-01  2.0600E+04  4.8731E+02
  1.5821E+03  5.8086E+01 -6.2155E+01  0.0000E+00  2.0575E+02  1.3448E+02  0.0000E+00  5.1054E+06  1.0913E-01  2.0600E+04  4.8946E+02
  1.5822E+03  7.6412E+01 -4.6708E+01  0.0000E+00  1.5886E+02  1.7248E+02  0.0000E+00  5.1073E+06  1.0981E-01  2.0600E+04  4.9213E+02
  1.5823E+03  8.9549E+01 -2.8081E+01  0.0000E+00  1.0266E+02  1.9785E+02  0.0000E+00  5.1091E+06  1.1048E-01  2.0600E+04  4.9467E+02
  1.5824E+03  9.6766E+01 -7.5911E+00  0.0000E+00  4.1113E+01  2.0966E+02  0.0000E+00  5.1110E+06  1.1116E-01  2.0600E+04  4.9659E+02
  1.5825E+03  9.7716E+01  1.3394E+01  0.0000E+00 -2.2117E+01  2.0778E+02  0.0000E+00  5.1129E+06  1.1185E-01  2.0600E+04  4.9755E+02
  1.5826E+03  9.2398E+01  3.3521E+01  0.0000E+00 -8.3685E+01  1.9259E+02  0.0000E+00  5.1147E+06  1.1253E-01  2.0600E+04  4.9742E+02
  1.5827E+03  8.1141E+01  5.1491E+01  0.0000E+00 -1.4038E+02  1.6480E+02  0.0000E+00  5.1166E+06  1.1321E-01  2.0600E+04  4.9622E+02
  1.5828E+03  6.4594E+01  6.6099E+01  0.0000E+00 -1.8894E+02  1.2557E+02  0.0000E+00  5.1185E+06  1.1390E-01  2.0600E+04  4.9415E+02
  1.5829E+03  4.3735E+01  7.6285E+01  0.0000E+00 -2.2604E+02  7.6744E+01  0.0000E+00  5.1203E+06  1.1459E-01  2.0600E+04  4.9161E+02
  1.5830E+03  1.9875E+01  8.1219E+01  0.0000E+00 -2.4847E+02  2.1110E+01  0.0000E+00  5.1222E+06  1.1528E-01  2.0600E+04  4.8916E+02
  1.5831E+03 -5.3834E+00  8.0410E+01  0.0000E+00 -2.5368E+02 -3.7394E+01  0.0000E+00  5.1241E+06  1.1596E-01  2.0600E+04  4.8746E+02
  1.5832E+03 -3.0250E+01  7.3806E+01  0.0000E+00 -2.4061E+02 -9.3940E+01  0.0000E+00  5.1260E+06  1.1665E-01  2.0600E+04  4.8704E+02
  1.5833E+03 -5.2925E+01  6.1853E+01  0.0000E+00 -2.1020E+02 -1.4357E+02  0.0000E+00  5.1278E+06  1.1733E-01  2.0600E+04  4.8805E+02
  1.5834E+03 -7.1807E+01  4.5460E+01  0.0000E+00 -1.6537E+02 -1.8219E+02  0.0000E+00  5.1297E+06  1.1802E-01  2.0600E+04  4.9020E+02
  1.5835E+03 -8.5655E+01  2.5871E+01  0.0000E+00 -1.1025E+02 -2.0720E+02  0.0000E+00  5.1316E+06  1.1870E-01  2.0600E+04  4.9288E+02
  1.5836E+03 -9.3663E+01  4.5102E+00  0.0000E+00 -4.9283E+01 -2.1756E+02  0.0000E+00  5.1334E+06  1.1938E-01  2.0600E+04  4.9543E+02
  1.5837E+03 -9.5454E+01 -1.7156E+01  0.0000E+00  1.3430E+01 -2.1340E+02  0.0000E+00  5.1353E+06  1.2007E-01  2.0600E+04  4.9735E+02
  1.5838E+03 -9.1039E+01 -3.7711E+01  0.0000E+00  7.4298E+01 -1.9550E+02  0.0000E+00  5.1372E+06  1.2075E-01  2.0600E+04  4.9830E+02
  1.5839E+03 -8.0762E+01 -5.5839E+01  0.0000E+00  1.3015E+02 -1.6508E+02  0.0000E+00  5.1391E+06  1.2144E-01  2.0600E+04  4.9816E+02
  1.5840E+03 -6.5274E+01 -7.0361E+01  0.0000E+00  1.7804E+02 -1.2367E+02  0.0000E+00  5.1409E+06  1.2213E-01  2.0600E+04  4.9695E+02
  1.5841E+03 -4.5515E+01 -8.0272E+01  0.0000E+00  2.1511E+02 -7.3231E+01  0.0000E+00  5.1428E+06  1.2282E-01  2.0600E+04  4.9487E+02
  1.5842E+03 -2.2707E+01 -8.4793E+01  0.0000E+00  2.3855E+02 -1.6398E+01  0.0000E+00  5.1447E+06  1.2351E-01  2.0600E+04  4.9232E+02
  1.5843E+03  1.6610E+00 -8.3455E+01  0.0000E+00  2.4598E+02  4.3271E+01  0.0000E+00  5.1466E+06  1.2421E-01  2.0600E+04  4.8986E+02
  1.5844E+03  2.5904E+01 -7.6193E+01  0.0000E+00  2.3593E+02  1.0129E+02  0.0000E+00  5.1484E+06  1.2490E-01  2.0600E+04  4.8818E+02
  1.5845E+03  4.8269E+01 -6.3420E+01  0.0000E+00  2.0862E+02  1.5267E+02  0.0000E+00  5.1503E+06  1.2559E-01  2.0600E+04  4.8779E+02
  1.5846E+03  6.7125E+01 -4.6034E+01  0.0000E+00  1.6628E+02  1.9286E+02  0.0000E+00  5.1522E+06  1.2628E-01  2.0600E+04  4.8883E+02
  1.5847E+03  8.1152E+01 -2.5330E+01  0.0000E+00  1.1280E+02  2.1864E+02  0.0000E+00  5.1541E+06  1.2696E-01  2.0600E+04  4.9101E+02
  1.5848E+03  8.9471E+01 -2.8365E+00  0.0000E+00  5.2886E+01  2.2857E+02  0.0000E+00  5.1560E+06  1.2765E-01  2.0600E+04  4.9370E+02
  1.5849E+03  9.1668E+01  1.9859E+01  0.0000E+00 -8.8965E+00  2.2280E+02  0.0000E+00  5.1578E+06  1.2834E-01  2.0600E+04  4.9624E+02
  1.5850E+03  8.7762E+01  4.1238E+01  0.0000E+00 -6.8594E+01  2.0250E+02  0.0000E+00  5.1597E+06  1.2902E-01  2.0600E+04  4.9814E+02
  1.5851E+03  7.8129E+01  5.9930E+01  0.0000E+00 -1.2293E+02  1.6937E+02  0.0000E+00  5.1616E+06  1.2971E-01  2.0600E+04  4.9907E+02
  1.5852E+03  6.3447E+01  7.4751E+01  0.0000E+00 -1.6914E+02  1.2541E+02  0.0000E+00  5.1635E+06  1.3041E-01  2.0600E+04  4.9889E+02
  1.5853E+03  4.4655E+01  8.4725E+01  0.0000E+00 -2.0474E+02  7.2856E+01  0.0000E+00  5.1654E+06  1.3110E-01  2.0600E+04  4.9764E+02
  1.5854E+03  2.2929E+01  8.9123E+01  0.0000E+00 -2.2744E+02  1.4372E+01  0.0000E+00  5.1672E+06  1.3180E-01  2.0600E+04  4.9552E+02
  1.5855E+03 -3.3572E-01  8.7511E+01  0.0000E+00 -2.3522E+02 -4.6737E+01  0.0000E+00  5.1691E+06  1.3249E-01  2.0600E+04  4.9295E+02
  1.5856E+03 -2.3569E+01  7.9825E+01  0.0000E+00 -2.2666E+02 -1.0636E+02  0.0000E+00  5.1710E+06  1.3319E-01  2.0600E+04  4.9051E+02
  1.5857E+03 -4.5114E+01  6.6446E+01  0.0000E+00 -2.0156E+02 -1.5975E+02  0.0000E+00  5.1729E+06  1.3389E-01  2.0600E+04  4.8887E+02
  1.5858E+03 -6.3379E+01  4.8242E+01  0.0000E+00 -1.6146E+02 -2.0213E+02  0.0000E+00  5.1748E+06  1.3458E-01  2.0600E+04  4.8854E+02
  1.5859E+03 -7.7019E+01  2.6517E+01  0.0000E+00 -1.0977E+02 -2.2967E+02  0.0000E+00  5.1767E+06  1.3528E-01  2.0600E+04  4.8966E+02
  1.5860E+03 -8.5102E+01  2.8728E+00  0.0000E+00 -5.1146E+01 -2.4034E+02  0.0000E+00  5.1785E+06  1.3597E-01  2.0600E+04  4.9188E+02
  1.5861E+03 -8.7182E+01 -2.0982E+01  0.0000E+00  9.4974E+00 -2.3400E+02  0.0000E+00  5.1804E+06  1.3666E-01  2.0600E+04  4.9458E+02
  1.5862E+03 -8.3282E+01 -4.3405E+01  0.0000E+00  6.7782E+01 -2.1203E+02  0.0000E+00  5.1823E+06  1.3735E-01  2.0600E+04  4.9711E+02
  1.5863E+03 -7.3822E+01 -6.2937E+01  0.0000E+00  1.2020E+02 -1.7657E+02  0.0000E+00  5.1842E+06  1.3804E-01  2.0600E+04  4.9897E+02
  1.5864E+03 -5.9530E+01 -7.8355E+01  0.0000E+00  1.6402E+02 -1.3015E+02  0.0000E+00  5.1861E+06  1.3874E-01  2.0600E+04  4.9983E+02
  1.5865E+03 -4.1376E+01 -8.8691E+01  0.0000E+00  1.9709E+02 -7.5410E+01  0.0000E+00  5.1880E+06  1.3943E-01  2.0600E+04  4.9959E+02
  1.5866E+03 -2.0532E+01 -9.3253E+01  0.0000E+00  2.1756E+02 -1.5170E+01  0.0000E+00  5.1899E+06  1.4013E-01  2.0600E+04  4.9827E+02
  1.5867E+03  1.6651E+00 -9.1648E+01  0.0000E+00  2.2391E+02  4.7361E+01  0.0000E+00  5.1917E+06  1.4083E-01  2.0600E+04  4.9611E+02
  1.5868E+03  2.3742E+01 -8.3829E+01  0.0000E+00  2.1503E+02  1.0841E+02  0.0000E+00  5.1936E+06  1.4154E-01  2.0600E+04  4.9352E+02
  1.5869E+03  4.4154E+01 -7.0162E+01  0.0000E+00  1.9067E+02  1.6358E+02  0.0000E+00  5.1955E+06  1.4224E-01  2.0600E+04  4.9111E+02
  1.5870E+03  6.1394E+01 -5.1467E+01  0.0000E+00  1.5192E+02  2.0818E+02  0.0000E+00  5.1974E+06  1.4294E-01  2.0600E+04  4.8954E+02
  1.5871E+03  7.4151E+01 -2.9018E+01  0.0000E+00  1.0163E+02  2.3804E+02  0.0000E+00  5.1993E+06  1.4364E-01  2.0600E+04  4.8932E+02
  1.5872E+03  8.1480E+01 -4.4441E+00  0.0000E+00  4.4166E+01  2.5041E+02  0.0000E+00  5.2012E+06  1.4433E-01  2.0600E+04  4.9053E+02
  1.5873E+03  8.2915E+01  2.0457E+01  0.0000E+00 -1.5406E+01  2.4465E+02  0.0000E+00  5.2031E+06  1.4503E-01  2.0600E+04  4.9282E+02
  1.5874E+03  7.8489E+01  4.3921E+01  0.0000E+00 -7.2313E+01  2.2199E+02  0.0000E+00  5.2050E+06  1.4573E-01  2.0600E+04  4.9553E+02
  1.5875E+03  6.8670E+01  6.4376E+01  0.0000E+00 -1.2272E+02  1.8494E+02  0.0000E+00  5.2069E+06  1.4642E-01  2.0600E+04  4.9804E+02
  1.5876E+03  5.4256E+01  8.0530E+01  0.0000E+00 -1.6383E+02  1.3652E+02  0.0000E+00  5.2088E+06  1.4712E-01  2.0600E+04  4.9982E+02
  1.5877E+03  3.6280E+01  9.1405E+01  0.0000E+00 -1.9368E+02  7.9852E+01  0.0000E+00  5.2107E+06  1.4782E-01  2.0600E+04  5.0060E+02
  1.5878E+03  1.5943E+01  9.6330E+01  0.0000E+00 -2.1086E+02  1.8069E+01  0.0000E+00  5.2125E+06  1.4852E-01  2.0600E+04  5.0026E+02
  1.5879E+03 -5.4340E+00  9.4956E+01  0.0000E+00 -2.1433E+02 -4.5591E+01  0.0000E+00  5.2144E+06  1.4922E-01  2.0600E+04  4.9885E+02
  1.5880E+03 -2.6445E+01  8.7267E+01  0.0000E+00 -2.0346E+02 -1.0758E+02  0.0000E+00  5.2163E+06  1.4993E-01  2.0600E+04  4.9663E+02
  1.5881E+03 -4.5644E+01  7.3627E+01  0.0000E+00 -1.7818E+02 -1.6391E+02  0.0000E+00  5.2182E+06  1.5064E-01  2.0600E+04  4.9402E+02
  1.5882E+03 -6.1630E+01  5.4820E+01  0.0000E+00 -1.3946E+02 -2.1020E+02  0.0000E+00  5.2201E+06  1.5134E-01  2.0600E+04  4.9165E+02
  1.5883E+03 -7.3167E+01  3.2063E+01  0.0000E+00 -8.9724E+01 -2.4223E+02  0.0000E+00  5.2220E+06  1.5205E-01  2.0600E+04  4.9019E+02
  1.5884E+03 -7.9338E+01  6.9591E+00  0.0000E+00 -3.2924E+01 -2.5676E+02  0.0000E+00  5.2239E+06  1.5275E-01  2.0600E+04  4.9011E+02
  1.5885E+03 -7.9683E+01 -1.8658E+01  0.0000E+00  2.5937E+01 -2.5245E+02  0.0000E+00  5.2258E+06  1.5345E-01  2.0600E+04  4.9146E+02
  1.5886E+03 -7.4252E+01 -4.2929E+01  0.0000E+00  8.1795E+01 -2.3014E+02  0.0000E+00  5.2277E+06  1.5415E-01  2.0600E+04  4.9382E+02
  1.5887E+03 -6.3566E+01 -6.4171E+01  0.0000E+00  1.3043E+02 -1.9240E+02  0.0000E+00  5.2296E+06  1.5485E-01  2.0600E+04  4.9655E+02
  1.5888E+03 -4.8507E+01 -8.1009E+01  0.0000E+00  1.6887E+02 -1.4267E+02  0.0000E+00  5.2315E+06  1.5555E-01  2.0600E+04  4.9901E+02
  1.5889E+03 -3.0196E+01 -9.2427E+01  0.0000E+00  1.9524E+02 -8.4600E+01  0.0000E+00  5.2334E+06  1.5625E-01  2.0600E+04  5.0070E+02
  1.5890E+03 -9.8969E+00 -9.7769E+01  0.0000E+00  2.0850E+02 -2.1723E+01  0.0000E+00  5.2353E+06  1.5696E-01  2.0600E+04  5.0136E+02
  1.5891E+03  1.1049E+01 -9.6725E+01  0.0000E+00  2.0811E+02  4.2566E+01  0.0000E+00  5.2372E+06  1.5767E-01  2.0600E+04  5.0089E+02
  1.5892E+03  3.1265E+01 -8.9323E+01  0.0000E+00  1.9393E+02  1.0484E+02  0.0000E+00  5.2391E+06  1.5837E-01  2.0600E+04  4.9938E+02
  1.5893E+03  4.9385E+01 -7.5946E+01  0.0000E+00  1.6627E+02  1.6143E+02  0.0000E+00  5.2410E+06  1.5908E-01  2.0600E+04  4.9708E+02
  1.5894E+03  6.4105E+01 -5.7356E+01  0.0000E+00  1.2621E+02  2.0843E+02  0.0000E+00  5.2429E+06  1.5980E-01  2.0600E+04  4.9445E+02
  1.5895E+03  7.4285E+01 -3.4715E+01  0.0000E+00  7.5940E+01  2.4182E+02  0.0000E+00  5.2448E+06  1.6051E-01  2.0600E+04  4.9215E+02
  1.5896E+03  7.9071E+01 -9.5598E+00  0.0000E+00  1.9049E+01  2.5822E+02  0.0000E+00  5.2467E+06  1.6122E-01  2.0600E+04  4.9083E+02
  1.5897E+03  7.8033E+01  1.6297E+01  0.0000E+00 -3.9682E+01  2.5571E+02  0.0000E+00  5.2486E+06  1.6192E-01  2.0600E+04  4.9094E+02
  1.5898E+03  7.1247E+01  4.0956E+01  0.0000E+00 -9.5044E+01  2.3450E+02  0.0000E+00  5.2505E+06  1.6263E-01  2.0600E+04  4.9244E+02
  1.5899E+03  5.9291E+01  6.2649E+01  0.0000E+00 -1.4244E+02  1.9693E+02  0.0000E+00  5.2524E+06  1.6333E-01  2.0600E+04  4.9490E+02
  1.5900E+03  4.3135E+01  7.9918E+01  0.0000E+00 -1.7860E+02  1.4667E+02  0.0000E+00  5.2543E+06  1.6404E-01  2.0600E+04  4.9763E+02
  1.5901E+03  2.4008E+01  9.1698E+01  0.0000E+00 -2.0165E+02  8.7852E+01  0.0000E+00  5.2562E+06  1.6474E-01  2.0600E+04  5.0002E+02
  1.5902E+03  3.2685E+00  9.7336E+01  0.0000E+00 -2.1082E+02  2.4466E+01  0.0000E+00  5.2581E+06  1.6545E-01  2.0600E+04  5.0159E+02
  1.5903E+03 -1.7689E+01  9.6561E+01  0.0000E+00 -2.0604E+02 -3.9829E+01  0.0000E+00  5.2600E+06  1.6616E-01  2.0600E+04  5.0210E+02
  1.5904E+03 -3.7487E+01  8.9454E+01  0.0000E+00 -1.8771E+02 -1.0161E+02  0.0000E+00  5.2620E+06  1.6687E-01  2.0600E+04  5.0148E+02
  1.5905E+03 -5.4804E+01  7.6437E+01  0.0000E+00 -1.5659E+02 -1.5748E+02  0.0000E+00  5.2639E+06  1.6758E-01  2.0600E+04  4.9983E+02
  1.5906E+03 -6.8423E+01  5.8272E+01  0.0000E+00 -1.1404E+02 -2.0395E+02  0.0000E+00  5.2658E+06  1.6830E-01  2.0600E+04  4.9745E+02
  1.5907E+03 -7.7301E+01  3.6079E+01  0.0000E+00 -6.2201E+01 -2.3746E+02  0.0000E+00  5.2677E+06  1.6901E-01  2.0600E+04  4.9482E+02
  1.5908E+03 -8.0664E+01  1.1321E+01  0.0000E+00 -4.4120E+00 -2.5476E+02  0.0000E+00  5.2696E+06  1.6973E-01  2.0600E+04  4.9262E+02
  1.5909E+03 -7.8134E+01 -1.4257E+01  0.0000E+00  5.4828E+01 -2.5365E+02  0.0000E+00  5.2715E+06  1.7044E-01  2.0600E+04  4.9149E+02
  1.5910E+03 -6.9823E+01 -3.8779E+01  0.0000E+00  1.1033E+02 -2.3376E+02  0.0000E+00  5.2734E+06  1.7115E-01  2.0600E+04  4.9181E+02
  1.5911E+03 -5.6357E+01 -6.0442E+01  0.0000E+00  1.5719E+02 -1.9694E+02  0.0000E+00  5.2753E+06  1.7186E-01  2.0600E+04  4.9350E+02
  1.5912E+03 -3.8797E+01 -7.7724E+01  0.0000E+00  1.9174E+02 -1.4684E+02  0.0000E+00  5.2772E+06  1.7257E-01  2.0600E+04  4.9605E+02
  1.5913E+03 -1.8488E+01 -8.9516E+01  0.0000E+00  2.1197E+02 -8.7919E+01  0.0000E+00  5.2791E+06  1.7328E-01  2.0600E+04  4.9877E+02
  1.5914E+03  3.0979E+00 -9.5163E+01  0.0000E+00  2.1727E+02 -2.4631E+01  0.0000E+00  5.2810E+06  1.7399E-01  2.0600E+04  5.0106E+02
  1.5915E+03  2.4481E+01 -9.4431E+01  0.0000E+00  2.0803E+02  3.9024E+01  0.0000E+00  5.2830E+06  1.7470E-01  2.0600E+04  5.0249E+02
  1.5916E+03  4.4250E+01 -8.7463E+01  0.0000E+00  1.8517E+02  9.9529E+01  0.0000E+00  5.2849E+06  1.7542E-01  2.0600E+04  5.0282E+02
  1.5917E+03  6.1105E+01 -7.4737E+01  0.0000E+00  1.4999E+02  1.5367E+02  0.0000E+00  5.2868E+06  1.7613E-01  2.0600E+04  5.0202E+02
  1.5918E+03  7.3893E+01 -5.7043E+01  0.0000E+00  1.0417E+02  1.9836E+02  0.0000E+00  5.2887E+06  1.7685E-01  2.0600E+04  5.0022E+02
  1.5919E+03  8.1660E+01 -3.5482E+01  0.0000E+00  5.0010E+01  2.3054E+02  0.0000E+00  5.2906E+06  1.7757E-01  2.0600E+04  4.9775E+02
  1.5920E+03  8.3722E+01 -1.1450E+01  0.0000E+00 -9.3146E+00  2.4733E+02  0.0000E+00  5.2925E+06  1.7829E-01  2.0600E+04  4.9514E+02
  1.5921E+03  7.9765E+01  1.3398E+01  0.0000E+00 -6.9577E+01  2.4657E+02  0.0000E+00  5.2944E+06  1.7901E-01  2.0600E+04  4.9307E+02
  1.5922E+03  6.9943E+01  3.7254E+01  0.0000E+00 -1.2574E+02  2.2755E+02  0.0000E+00  5.2964E+06  1.7973E-01  2.0600E+04  4.9216E+02
  1.5923E+03  5.4924E+01  5.8341E+01  0.0000E+00 -1.7272E+02  1.9160E+02  0.0000E+00  5.2983E+06  1.8045E-01  2.0600E+04  4.9274E+02
  1.5924E+03  3.5843E+01  7.5119E+01  0.0000E+00 -2.0645E+02  1.4205E+02  0.0000E+00  5.3002E+06  1.8116E-01  2.0600E+04  4.9463E+02
  1.5925E+03  1.4155E+01  8.6452E+01  0.0000E+00 -2.2461E+02  8.3522E+01  0.0000E+00  5.3021E+06  1.8187E-01  2.0600E+04  4.9727E+02
  1.5926E+03 -8.5392E+00  9.1686E+01  0.0000E+00 -2.2662E+02  2.0847E+01  0.0000E+00  5.3040E+06  1.8259E-01  2.0600E+04  4.9996E+02
  1.5927E+03 -3.0655E+01  9.0630E+01  0.0000E+00 -2.1323E+02 -4.1598E+01  0.0000E+00  5.3059E+06  1.8330E-01  2.0600E+04  5.0213E+02
  1.5928E+03 -5.0720E+01  8.3497E+01  0.0000E+00 -1.8589E+02 -1.0013E+02  0.0000E+00  5.3079E+06  1.8402E-01  2.0600E+04  5.0337E+02
  1.5929E+03 -6.7429E+01  7.0838E+01  0.0000E+00 -1.4646E+02 -1.5164E+02  0.0000E+00  5.3098E+06  1.8474E-01  2.0600E+04  5.0349E+02
  1.5930E+03 -7.9678E+01  5.3495E+01  0.0000E+00 -9.7046E+01 -1.9338E+02  0.0000E+00  5.3117E+06  1.8546E-01  2.0600E+04  5.0248E+02
  1.5931E+03 -8.6589E+01  3.2573E+01  0.0000E+00 -4.0175E+01 -2.2279E+02  0.0000E+00  5.3136E+06  1.8618E-01  2.0600E+04  5.0052E+02
  1.5932E+03 -8.7568E+01  9.4266E+00  0.0000E+00  2.1013E+01 -2.3751E+02  0.0000E+00  5.3155E+06  1.8691E-01  2.0600E+04  4.9797E+02
  1.5933E+03 -8.2375E+01 -1.4376E+01  0.0000E+00  8.2531E+01 -2.3567E+02  0.0000E+00  5.3175E+06  1.8763E-01  2.0600E+04  4.9540E+02
  1.5934E+03 -7.1210E+01 -3.7128E+01  0.0000E+00  1.3959E+02 -2.1650E+02  0.0000E+00  5.3194E+06  1.8836E-01  2.0600E+04  4.9351E+02
  1.5935E+03 -5.4776E+01 -5.7128E+01  0.0000E+00  1.8710E+02 -1.8094E+02  0.0000E+00  5.3213E+06  1.8908E-01  2.0600E+04  4.9289E+02
  1.5936E+03 -3.4256E+01 -7.2867E+01  0.0000E+00  2.2068E+02 -1.3194E+02  0.0000E+00  5.3232E+06  1.8980E-01  2.0600E+04  4.9375E+02
  1.5937E+03 -1.1198E+01 -8.3217E+01  0.0000E+00  2.3759E+02 -7.4015E+01  0.0000E+00  5.3251E+06  1.9052E-01  2.0600E+04  4.9585E+02
  1.5938E+03  1.2679E+01 -8.7543E+01  0.0000E+00  2.3709E+02 -1.2274E+01  0.0000E+00  5.3271E+06  1.9123E-01  2.0600E+04  4.9856E+02
  1.5939E+03  3.5671E+01 -8.5703E+01  0.0000E+00  2.2015E+02  4.8555E+01  0.0000E+00  5.3290E+06  1.9195E-01  2.0600E+04  5.0120E+02
  1.5940E+03  5.6227E+01 -7.7993E+01  0.0000E+00  1.8874E+02  1.0458E+02  0.0000E+00  5.3309E+06  1.9267E-01  2.0600E+04  5.0320E+02
  1.5941E+03  7.3016E+01 -6.5051E+01  0.0000E+00  1.4525E+02  1.5272E+02  0.0000E+00  5.3328E+06  1.9339E-01  2.0600E+04  5.0422E+02
  1.5942E+03  8.4962E+01 -4.7793E+01  0.0000E+00  9.2315E+01  1.9053E+02  0.0000E+00  5.3348E+06  1.9412E-01  2.0600E+04  5.0410E+02
  1.5943E+03  9.1257E+01 -2.7359E+01  0.0000E+00  3.2738E+01  2.1592E+02  0.0000E+00  5.3367E+06  1.9484E-01  2.0600E+04  5.0287E+02
  1.5944E+03  9.1394E+01 -5.0840E+00  0.0000E+00 -3.0282E+01  2.2708E+02  0.0000E+00  5.3386E+06  1.9557E-01  2.0600E+04  5.0074E+02
  1.5945E+03  8.5212E+01  1.7536E+01  0.0000E+00 -9.2946E+01  2.2262E+02  0.0000E+00  5.3405E+06  1.9630E-01  2.0600E+04  4.9812E+02
  1.5946E+03  7.2966E+01  3.8899E+01  0.0000E+00 -1.5076E+02  2.0195E+02  0.0000E+00  5.3425E+06  1.9703E-01  2.0600E+04  4.9564E+02
  1.5947E+03  5.5386E+01  5.7410E+01  0.0000E+00 -1.9882E+02  1.6585E+02  0.0000E+00  5.3444E+06  1.9776E-01  2.0600E+04  4.9397E+02
  1.5948E+03  3.3681E+01  7.1640E+01  0.0000E+00 -2.3257E+02  1.1693E+02  0.0000E+00  5.3463E+06  1.9849E-01  2.0600E+04  4.9368E+02
  1.5949E+03  9.4552E+00  8.0512E+01  0.0000E+00 -2.4888E+02  5.9500E+01  0.0000E+00  5.3483E+06  1.9921E-01  2.0600E+04  4.9486E+02
  1.5950E+03 -1.5475E+01  8.3430E+01  0.0000E+00 -2.4668E+02 -1.2519E+00  0.0000E+00  5.3502E+06  1.9993E-01  2.0600E+04  4.9716E+02
  1.5951E+03 -3.9296E+01  8.0320E+01  0.0000E+00 -2.2698E+02 -6.0292E+01  0.0000E+00  5.3521E+06  2.0066E-01  2.0600E+04  4.9992E+02
  1.5952E+03 -6.0365E+01  7.1568E+01  0.0000E+00 -1.9212E+02 -1.1349E+02  0.0000E+00  5.3540E+06  2.0138E-01  2.0600E+04  5.0246E+02
  1.5953E+03 -7.7314E+01  5.7921E+01  0.0000E+00 -1.4508E+02 -1.5776E+02  0.0000E+00  5.3560E+06  2.0210E-01  2.0600E+04  5.0426E+02
  1.5954E+03 -8.9080E+01  4.0387E+01  0.0000E+00 -8.9003E+01 -1.9090E+02  0.0000E+00  5.3579E+06  2.0283E-01  2.0600E+04  5.0503E+02
  1.5955E+03 -9.4918E+01  2.0166E+01  0.0000E+00 -2.7062E+01 -2.1128E+02  0.0000E+00  5.3598E+06  2.0356E-01  2.0600E+04  5.0464E+02
  1.5956E+03 -9.4407E+01 -1.4009E+00  0.0000E+00  3.7425E+01 -2.1765E+02  0.0000E+00  5.3618E+06  2.0429E-01  2.0600E+04  5.0317E+02
  1.5957E+03 -8.7470E+01 -2.2867E+01  0.0000E+00  1.0079E+02 -2.0916E+02  0.0000E+00  5.3637E+06  2.0502E-01  2.0600E+04  5.0087E+02
  1.5958E+03 -7.4426E+01 -4.2729E+01  0.0000E+00  1.5885E+02 -1.8559E+02  0.0000E+00  5.3656E+06  2.0576E-01  2.0600E+04  4.9821E+02
  1.5959E+03 -5.6031E+01 -5.9509E+01  0.0000E+00  2.0701E+02 -1.4780E+02  0.0000E+00  5.3676E+06  2.0649E-01  2.0600E+04  4.9586E+02
