   1.56537652       4800593.50    
   2.10319352       22905892.0    
   2.35377622       38362984.0    
   2.65755129       63853940.0    
   3.03138494       105354848.    
   3.33104944       146182704.    
   3.49942994       171807296.    
   3.77926302       218212480.    
   4.09714317       275981408.    
   4.33373022       321920480.    
   4.73206520       403811136.    
   4.87795258       434961312.    
   5.03111601       468204864.    
   5.19204140       503647296.    
   5.36125088       541389760.    
   5.53931141       581535104.    
   5.72683430       624182976.    
   5.92448092       669432000.    
   6.13296700       717378176.    
   6.35306787       768108736.    
   6.58562326       821711872.    
   6.83154202       878260864.    
   7.09180927       937825856.    
   7.36749363       1.00046342E+09
   7.65975332       1.06622112E+09
   7.96984482       1.13512870E+09
   8.29913139       1.20720602E+09
   8.64909267       1.28244826E+09
   9.02133560       1.36084634E+09
   9.41760731       1.44236058E+09
   9.83980942       1.52693222E+09
   10.7704792       1.70492275E+09
   11.2836819       1.79812493E+09
   11.8323393       1.89395853E+09
   12.4194460       1.99226419E+09
   13.0483227       2.09287168E+09
   13.7226725       2.19560730E+09
